1 42500 -811 191 0 0 0 0 0 0 0 0 0 0 0 0
2 8400 439 695 2 0 1 0 0 0 0 0 0 0 0 0
3 5300 -379 607 2 0 0 0 0 0 0 0 0 0 0 0
4 6500 -599 -960 7 0 1 0 0 0 0 0 0 0 0 0
5 8000 -453 132 2 0 0 0 0 0 0 0 0 0 0 0
6 3500 739 -14 1 0 1 0 0 0 0 0 0 0 0 0
7 11600 -847 733 2 1 0 0 0 0 0 0 0 0 0 0
8 6500 -378 750 8 0 0 0 0 0 0 0 0 0 0 0
9 4500 -83 -63 8 0 0 0 1 0 0 0 0 0 0 0
10 4400 449 -87 0 0 0 0 0 0 0 0 0 0 0 0
11 5500 916 924 8 0 0 0 0 0 0 0 0 0 0 0
12 3800 151 31 0 0 1 0 0 0 0 0 0 0 0 0
13 2500 -851 78 1 0 1 0 0 0 0 0 0 0 0 0
14 17000 -195 212 6 0 0 0 0 0 0 0 0 0 0 0
15 11400 -199 -62 1 1 0 0 0 0 0 0 0 0 0 0
16 24000 486 -278 4 0 0 0 0 0 0 0 0 0 0 0
17 3300 824 41 4 0 1 1 0 0 4 26 0 1 0 0
18 10600 -495 330 4 0 0 0 0 0 0 0 0 0 0 0
19 3600 -320 -588 3 0 1 0 0 0 0 0 0 0 0 0
20 5500 941 310 6 0 0 0 0 0 0 0 0 0 0 0
21 3800 785 -131 4 0 1 0 0 0 0 0 0 0 0 0
22 5300 -184 -824 6 0 1 1 0 0 1 29 0 0 1 0
23 30000 -956 402 7 0 1 0 0 0 0 0 0 0 0 0
24 40000 410 527 2 0 0 1 0 0 2 78 0 0 0 1
25 10800 -853 -1 7 0 0 0 0 0 0 0 0 0 0 0
26 8400 862 648 2 2 1 0 0 0 0 0 0 0 0 0
27 10000 148 -828 8 0 0 0 0 0 0 0 0 0 0 0
28 6100 882 -913 7 0 1 0 0 0 0 0 0 0 0 0
29 3000 -923 -10 6 0 0 0 0 0 0 0 0 0 0 0
30 27500 909 340 5 0 0 0 0 0 0 0 0 0 0 0
31 28000 -444 475 6 0 0 0 0 0 0 0 0 0 0 0
32 16000 833 850 5 1 0 0 0 0 0 0 0 0 0 0
33 9600 721 539 0 0 0 0 0 0 0 0 0 0 0 0
34 55000 -831 843 6 0 0 0 0 0 0 0 0 0 0 0
35 18000 44 224 8 1 0 0 1 0 0 0 0 0 0 0
36 8000 -734 271 3 2 0 0 0 0 0 0 0 0 0 0
37 28000 -655 450 9 0 0 0 0 0 0 0 0 0 0 0
38 4700 840 -992 4 0 0 0 0 0 0 0 0 0 0 0
39 5100 23 -518 5 0 1 0 0 0 0 0 0 0 0 0
40 8200 63 170 9 0 1 1 0 0 5 78 0 1 0 0
41 4800 -171 -465 7 0 1 0 0 0 0 0 0 0 0 0
42 8000 153 630 5 2 0 0 0 0 0 0 0 0 0 0
43 2900 -149 -394 8 0 1 0 0 0 0 0 0 0 0 0
44 3700 612 -663 9 0 0 0 1 0 0 0 0 0 0 0
45 8200 168 -736 1 0 1 0 0 0 0 0 0 0 0 0
46 19000 -471 235 5 1 0 0 0 0 0 0 0 0 0 0
47 2400 974 -97 6 0 1 0 0 0 0 0 0 0 0 0
48 3500 -422 -189 2 0 1 1 0 0 2 79 0 1 0 0
49 8200 722 41 4 0 0 0 0 0 0 0 0 0 0 0
50 6000 264 -581 4 0 0 0 0 0 0 0 0 0 0 0
51 5800 718 -426 3 0 1 0 0 0 0 0 0 0 0 0
52 27000 -345 432 7 0 0 0 0 0 0 0 0 0 0 0
53 3900 -5 -336 0 0 1 0 0 0 0 0 0 0 0 0
54 27500 -651 784 7 0 0 0 0 0 0 0 0 0 0 0
55 10600 -881 -897 0 0 0 0 0 0 0 0 0 0 0 0
56 14500 914 -771 3 0 1 0 0 0 0 0 0 0 0 0
57 6300 199 -807 5 0 1 0 0 0 0 0 0 0 0 0
58 4400 -641 68 1 0 1 0 0 0 0 0 0 0 0 0
59 6200 -359 -562 2 0 1 0 0 0 0 0 0 0 0 0
60 40000 280 -363 2 0 0 0 0 0 0 0 0 0 0 0
61 52500 -80 -570 8 0 0 0 0 0 0 0 0 0 0 0
62 35000 937 -504 9 0 0 0 0 0 0 0 0 0 0 0
63 5000 -802 229 3 0 0 0 0 0 0 0 0 0 0 0
64 3700 -613 131 1 0 1 0 0 0 0 0 0 0 0 0
65 6600 -810 524 0 1 1 1 0 0 4 74 0 1 0 0
66 3000 -348 345 0 0 0 0 0 0 0 0 0 0 0 0
67 5200 -944 -933 6 0 0 1 0 0 2 90 0 1 0 0
68 3600 29 379 9 0 0 0 0 0 0 0 0 0 0 0
69 5100 587 -799 8 0 1 0 0 0 0 0 0 0 0 0
70 5200 656 954 2 0 0 0 0 0 0 0 0 0 0 0
71 42500 -877 -474 0 0 0 0 0 0 0 0 0 0 0 0
72 4800 -777 -868 4 0 1 0 0 0 0 0 0 0 0 0
73 8800 126 387 2 2 1 0 0 0 0 0 0 0 0 0
74 40000 -265 431 3 0 1 0 0 0 0 0 0 0 0 0
75 2800 286 829 8 0 1 1 0 0 2 43 0 0 1 0
76 21000 38 -339 0 0 0 0 0 0 0 0 0 0 0 0
77 16000 4 -366 6 0 0 1 0 0 4 33 0 1 0 1
78 32500 -895 -392 9 0 0 0 0 0 0 0 0 0 0 0
79 6800 492 179 0 2 0 0 0 0 0 0 0 0 0 0
80 6300 530 407 0 0 1 1 0 0 3 42 0 0 0 0
81 4400 -108 243 0 0 0 0 0 0 0 0 0 0 0 0
82 5300 -302 -844 1 0 0 0 0 0 0 0 0 0 0 0
83 3100 166 -468 7 0 0 0 0 0 0 0 0 0 0 0
84 3600 254 -881 2 0 0 0 0 0 0 0 0 0 0 0
85 4400 734 113 9 0 0 0 0 0 0 0 0 0 0 0
86 4200 259 110 1 0 1 0 0 0 0 0 0 0 0 0
87 7000 -651 -832 0 3 1 0 0 0 0 0 0 0 0 0
88 3000 -699 -490 3 0 1 0 0 0 0 0 0 0 0 0
89 19000 749 -398 0 0 0 0 0 0 0 0 0 0 0 0
90 2500 712 138 7 0 1 0 0 0 0 0 0 0 0 0
91 7800 -527 28 7 2 0 0 0 0 0 0 0 0 0 0
92 6600 145 250 3 0 1 1 0 0 2 89 0 0 0 0
93 23000 -650 651 2 1 0 0 0 0 0 0 0 0 0 0
94 2900 -527 -385 2 0 1 0 0 0 0 0 0 0 0 0
95 2300 -454 -762 0 0 0 0 1 0 0 0 0 0 0 0
96 9600 -363 -752 4 0 0 0 0 0 0 0 0 0 0 0
97 6800 -849 625 9 1 1 0 0 0 0 0 0 0 0 0
98 2900 310 651 9 0 0 0 0 0 0 0 0 0 0 0
99 9600 -33 -60 7 0 1 0 0 0 0 0 0 0 0 0
100 14000 -818 -546 8 1 0 0 0 0 0 0 0 0 0 0
101 35000 -733 -419 7 0 0 0 0 0 0 0 0 0 0 0
102 9200 210 358 1 0 1 0 0 0 0 0 0 0 0 0
103 2400 -17 -780 4 0 0 0 0 0 0 0 0 0 0 0
104 11800 -204 -258 8 1 0 0 0 0 0 0 0 0 0 0
105 3500 -631 -345 6 0 0 0 0 0 0 0 0 0 0 0
106 40000 -894 -195 8 0 0 0 0 0 0 0 0 0 0 0
107 5100 -276 727 8 0 0 0 0 0 0 0 0 0 0 0
108 8600 132 582 7 0 0 0 0 0 0 0 0 0 0 0
109 2800 -125 -838 7 0 1 1 0 0 3 51 0 0 0 0
110 45000 -898 -522 0 0 0 0 0 0 0 0 0 0 0 0
111 2600 240 489 6 0 0 0 0 0 0 0 0 0 0 0
112 23000 614 -351 4 0 0 0 0 0 0 0 0 0 0 0
113 4000 104 -194 5 0 0 0 0 0 0 0 0 0 0 0
114 13500 -304 467 6 1 0 0 0 0 0 0 0 0 0 0
115 16000 458 -860 6 0 0 1 0 0 4 36 0 0 0 0
116 9600 947 -875 1 0 0 0 1 0 0 0 0 0 0 0
117 8600 552 -986 2 2 0 0 0 0 0 0 0 0 0 0
118 11600 62 112 8 0 0 0 0 0 0 0 0 0 0 0
119 2800 -481 -410 1 0 0 0 0 0 0 0 0 0 0 0
120 5300 -51 705 5 0 0 0 0 0 0 0 0 0 0 0
121 50000 -989 449 5 0 0 0 0 0 0 0 0 0 0 0
122 9400 182 -499 4 0 0 0 0 0 0 0 0 0 0 0
123 4500 -308 7 0 0 0 0 0 0 0 0 0 0 0 0
124 45000 202 242 4 0 0 0 0 0 0 0 0 0 0 0
125 35000 -107 611 0 0 0 1 0 0 1 39 0 0 0 0
126 5800 -631 579 0 0 0 0 1 0 0 0 0 0 0 0
127 5800 833 459 0 0 1 0 0 0 0 0 0 0 0 0
128 4400 690 454 5 0 0 0 0 0 0 0 0 0 0 0
129 10800 600 -729 2 0 0 0 0 0 0 0 0 0 0 0
130 25000 692 488 8 0 0 1 0 0 4 47 0 0 0 0
131 27500 798 524 2 0 0 0 0 0 0 0 0 0 0 0
132 8200 200 367 1 2 0 0 0 0 0 0 0 0 0 0
133 47500 -586 -844 5 0 0 0 0 0 0 0 0 0 0 0
134 7400 -149 93 3 0 1 0 0 0 0 0 0 0 0 0
135 26000 -937 -19 4 0 0 0 0 0 0 0 0 0 0 0
136 8400 337 -234 2 2 0 0 0 0 0 0 0 0 0 0
137 6300 173 650 3 0 0 0 0 0 0 0 0 0 0 0
138 25000 -555 -547 3 0 0 0 0 0 0 0 0 0 0 0
139 4700 -299 -726 5 0 1 0 0 0 0 0 0 0 0 0
140 6600 589 83 5 2 0 0 0 0 0 0 0 0 0 0
141 9600 623 -381 8 0 0 0 0 0 0 0 0 0 0 0
142 20000 -505 -348 0 0 0 0 0 0 0 0 0 0 0 0
143 8400 843 171 1 2 1 0 0 0 0 0 0 0 0 0
144 9200 992 182 5 0 0 0 0 0 0 0 0 0 0 0
145 3800 -904 556 0 0 0 0 0 0 0 0 0 0 0 0
146 3700 464 -619 8 0 1 0 0 0 0 0 0 0 0 0
147 21000 -163 780 5 0 0 0 0 0 0 0 0 0 0 0
148 2300 -922 572 3 0 1 0 0 0 0 0 0 0 0 0
149 6400 926 -974 7 0 0 0 0 0 0 0 0 0 0 0
150 10200 -734 -115 6 0 0 0 1 0 0 0 0 0 0 0
151 42500 -472 -236 3 0 0 0 0 0 0 0 0 0 0 0
152 7200 -692 684 6 0 1 0 0 0 0 0 0 0 0 0
153 7000 589 829 9 0 1 0 0 0 0 0 0 0 0 0
154 6000 -157 -440 8 0 0 0 0 0 0 0 0 0 0 0
155 8200 860 -797 2 0 1 0 0 0 0 0 0 0 0 0
156 22000 595 802 6 0 1 0 0 0 0 0 0 0 0 0
157 10800 35 373 9 0 0 0 0 0 0 0 0 0 0 0
158 40000 -233 -224 3 0 0 0 0 0 0 0 0 0 0 0
159 12000 -262 -487 5 0 0 0 0 0 0 0 0 0 0 0
160 8600 307 876 7 0 0 0 0 0 0 0 0 0 0 0
161 19000 790 -282 4 1 1 0 0 0 0 0 0 0 0 0
162 4800 969 -997 1 0 1 0 0 0 0 0 0 0 0 0
163 19000 -568 650 6 0 1 0 0 0 0 0 0 0 0 0
164 4600 404 753 6 0 0 0 0 0 0 0 0 0 0 0
165 4800 -587 690 2 0 1 1 0 0 5 41 0 0 1 0
166 8000 145 180 9 2 0 0 0 0 0 0 0 0 0 0
167 7600 432 609 9 0 1 0 0 0 0 0 0 0 0 0
168 4600 -976 -164 1 0 1 0 0 0 0 0 0 0 0 0
169 6200 841 556 9 0 1 0 0 0 0 0 0 0 0 0
170 4300 -799 -535 1 0 0 0 0 0 0 0 0 0 0 0
171 11400 412 -694 6 0 0 0 0 0 0 0 0 0 0 0
172 9800 321 -959 5 0 1 0 1 0 0 0 0 0 0 0
173 6700 572 -960 1 0 1 0 0 0 0 0 0 0 0 0
174 3000 -216 701 2 0 1 0 0 0 0 0 0 0 0 0
175 17000 161 -515 0 0 0 0 0 0 0 0 0 0 0 0
176 6700 -242 386 1 0 0 0 0 0 0 0 0 0 0 0
177 37500 -335 465 7 0 0 0 0 0 0 0 0 0 0 0
178 5100 -375 -527 0 0 1 0 0 0 0 0 0 0 0 0
179 7400 623 -140 8 0 0 0 0 0 0 0 0 0 0 0
180 24000 531 -770 5 0 1 0 0 0 0 0 0 0 0 0
181 7600 981 -406 4 2 0 0 0 0 0 0 0 0 0 0
182 7600 471 -457 9 0 1 0 0 0 0 0 0 0 0 0
183 6800 998 -760 0 1 0 0 0 0 0 0 0 0 0 0
184 3900 771 374 2 0 0 0 0 0 0 0 0 0 0 0
185 6800 20 493 6 2 0 0 0 0 0 0 0 0 0 0
186 10600 257 264 0 0 0 0 0 0 0 0 0 0 0 0
187 8200 -708 -979 7 2 0 0 0 0 0 0 0 0 0 0
188 6300 -739 45 5 0 0 0 0 0 0 0 0 0 0 0
189 55000 -926 -950 8 0 0 0 0 0 0 0 0 0 0 0
190 7400 190 -428 0 0 1 0 0 0 0 0 0 0 0 0
191 25000 126 372 0 1 0 0 0 0 0 0 0 0 0 0
192 4000 -305 -217 7 0 1 0 0 0 0 0 0 0 0 0
193 5900 -844 -364 9 0 1 0 0 0 0 0 0 0 0 0
194 23000 -314 875 9 0 0 0 0 0 0 0 0 0 0 0
195 25000 -511 -925 0 1 1 0 0 0 0 0 0 0 0 0
196 27500 -475 625 2 0 0 0 0 0 0 0 0 0 0 0
197 18000 -751 -956 1 1 0 0 0 0 0 0 0 0 0 0
198 3100 -49 773 7 0 0 0 0 0 0 0 0 0 0 0
199 10400 895 586 2 0 0 0 0 0 0 0 0 0 0 0
200 55000 683 -855 8 0 0 0 0 0 0 0 0 0 0 0
201 3500 -980 -199 4 0 1 0 0 0 0 0 0 0 0 0
202 10600 -145 -64 8 0 0 0 0 0 0 0 0 0 0 0
203 27500 -910 -675 6 0 0 0 1 0 0 0 0 0 0 0
204 10400 412 -684 6 0 0 0 1 0 0 0 0 0 0 0
205 7000 -443 538 7 0 0 0 0 0 0 0 0 0 0 0
206 6300 25 472 0 0 1 1 0 0 5 40 0 0 0 0
207 7200 363 895 8 3 0 0 0 0 0 0 0 0 0 0
208 3500 393 -268 8 0 0 0 0 0 0 0 0 0 0 0
209 55000 -239 -967 3 0 0 0 0 0 0 0 0 0 0 0
210 55000 254 534 6 0 0 0 0 0 0 0 0 0 0 0
211 45000 -707 -26 8 0 0 0 0 0 0 0 0 0 0 0
212 2600 -478 156 9 0 1 0 0 0 0 0 0 0 0 0
213 6500 -875 -714 2 0 1 0 0 0 0 0 0 0 0 0
214 4800 503 -315 2 0 1 1 0 0 5 88 0 1 1 0
215 9800 204 150 1 0 1 1 0 0 1 49 0 0 0 0
216 5200 536 -652 5 0 0 0 0 0 0 0 0 0 0 0
217 11600 1 -278 8 0 0 0 0 0 0 0 0 0 0 0
218 13500 6 183 8 0 0 1 0 0 1 35 0 1 0 1
219 3200 182 -288 0 0 1 0 0 0 0 0 0 0 0 0
220 2600 -545 326 0 0 0 1 0 0 5 30 0 1 1 0
221 11400 -8 805 7 0 1 0 0 0 0 0 0 0 0 0
222 3900 -715 -664 2 0 1 0 0 0 0 0 0 0 0 0
223 52500 891 56 3 0 0 0 0 0 0 0 0 0 0 0
224 5800 -846 -861 6 0 0 0 0 0 0 0 0 0 0 0
225 13500 -740 -912 6 1 0 0 0 0 0 0 0 0 0 0
226 2400 811 -100 6 0 1 0 0 0 0 0 0 0 0 0
227 37500 -290 -715 8 0 1 1 0 0 4 61 0 0 0 0
228 2600 -727 878 7 0 1 1 0 0 3 47 0 0 0 0
229 30000 -552 -602 2 0 0 0 0 0 0 0 0 0 0 0
230 10600 -611 844 6 0 0 0 0 0 0 0 0 0 0 0
231 9600 720 119 4 0 1 0 0 0 0 0 0 0 0 0
232 27500 -327 -119 0 0 0 0 0 0 0 0 0 0 0 0
233 52500 535 -804 2 0 1 0 0 0 0 0 0 0 0 0
234 9200 459 -458 8 0 1 0 0 0 0 0 0 0 0 0
235 9400 -380 -491 5 0 0 0 0 0 0 0 0 0 0 0
236 11200 322 124 9 0 0 1 0 0 5 56 0 0 0 1
237 5800 -59 75 4 0 1 0 1 0 0 0 0 0 0 0
238 18000 159 170 2 0 0 0 0 0 0 0 0 0 0 0
239 13000 122 -186 7 0 1 0 0 0 0 0 0 0 0 0
240 10400 -246 146 7 0 0 0 0 0 0 0 0 0 0 0
241 4200 -562 584 3 0 0 0 0 0 0 0 0 0 0 0
242 3800 729 -63 2 0 0 0 0 0 0 0 0 0 0 0
243 6700 720 831 5 3 0 0 0 0 0 0 0 0 0 0
244 42500 217 633 0 0 0 0 0 0 0 0 0 0 0 0
245 6600 313 -32 7 2 0 0 0 0 0 0 0 0 0 0
246 5000 352 565 9 0 0 0 0 0 0 0 0 0 0 0
247 6500 -130 836 1 0 1 0 0 0 0 0 0 0 0 0
248 3000 -819 -821 5 0 0 0 0 0 0 0 0 0 0 0
249 7600 154 956 9 2 0 1 0 0 3 76 0 0 1 0
250 12500 417 -246 8 0 0 0 0 0 0 0 0 0 0 0
251 2900 593 -286 0 0 0 0 1 0 0 0 0 0 0 0
252 8200 413 144 4 0 1 0 0 0 0 0 0 0 0 0
253 7000 966 701 6 3 1 0 0 0 0 0 0 0 0 0
254 45000 -284 130 0 0 0 0 0 0 0 0 0 0 0 0
255 4800 -984 75 5 0 1 0 0 0 0 0 0 0 0 0
256 3000 -639 618 0 0 0 0 0 0 0 0 0 0 0 0
257 27000 -325 528 2 0 0 0 0 0 0 0 0 0 0 0
258 6400 573 -877 0 0 1 0 1 0 0 0 0 0 0 0
259 4800 -64 951 4 0 0 0 0 0 0 0 0 0 0 0
260 5100 -668 -662 1 0 0 0 0 0 0 0 0 0 0 0
261 23000 374 -573 7 0 0 0 0 0 0 0 0 0 0 0
262 4800 -495 -653 9 0 1 0 0 0 0 0 0 0 0 0
263 3000 -946 834 3 0 0 0 0 0 0 0 0 0 0 0
264 2300 -764 562 6 0 1 0 0 0 0 0 0 0 0 0
265 22000 -799 -669 4 0 1 0 0 0 0 0 0 0 0 0
266 5400 -533 674 1 0 0 0 0 0 0 0 0 0 0 0
267 7800 584 616 9 2 0 0 0 0 0 0 0 0 0 0
268 8400 766 -972 0 2 0 1 0 0 3 72 0 0 0 1
269 9600 -381 -982 7 0 0 0 1 0 0 0 0 0 0 0
270 26000 204 -873 8 0 0 0 0 0 0 0 0 0 0 0
271 2800 618 -259 4 0 1 0 0 0 0 0 0 0 0 0
272 9600 332 707 9 0 1 0 0 0 0 0 0 0 0 0
273 4900 132 923 5 0 1 0 0 0 0 0 0 0 0 0
274 6700 896 -858 3 3 0 0 0 0 0 0 0 0 0 0
275 8400 2 281 8 2 0 0 0 0 0 0 0 0 0 0
276 9000 -506 -384 4 0 1 0 1 0 0 0 0 0 0 0
277 3500 -202 -986 1 0 0 0 0 0 0 0 0 0 0 0
278 7000 -495 259 3 0 0 0 0 0 0 0 0 0 0 0
279 16000 744 287 6 1 1 0 0 0 0 0 0 0 0 0
280 22000 -606 124 4 1 0 0 0 0 0 0 0 0 0 0
281 9600 271 -206 5 0 1 0 0 0 0 0 0 0 0 0
282 6700 349 427 6 0 1 0 0 0 0 0 0 0 0 0
283 4600 -158 552 0 0 0 1 0 0 3 45 0 0 0 1
284 37500 362 396 7 0 0 0 0 0 0 0 0 0 0 0
285 27500 546 120 5 0 0 0 0 0 0 0 0 0 0 0
286 2800 560 -388 3 0 1 0 0 0 0 0 0 0 0 0
287 22000 -634 -575 1 1 0 0 0 0 0 0 0 0 0 0
288 4100 903 909 6 0 1 0 0 0 0 0 0 0 0 0
289 8800 625 126 0 0 1 0 0 0 0 0 0 0 0 0
290 7800 -317 551 9 0 1 0 0 0 0 0 0 0 0 0
291 2500 -122 -607 1 0 1 0 0 0 0 0 0 0 0 0
292 7200 -938 544 9 0 0 1 0 0 1 35 0 0 0 0
293 7800 -744 -71 5 0 0 0 0 0 0 0 0 0 0 0
294 11600 -195 -452 6 0 0 1 1 0 3 29 0 0 1 0
295 3700 834 296 0 0 1 0 0 0 0 0 0 0 0 0
296 27000 286 -824 7 0 0 0 0 0 0 0 0 0 0 0
297 47500 355 831 3 0 0 0 0 0 0 0 0 0 0 0
298 29000 75 69 2 0 0 0 0 0 0 0 0 0 0 0
299 5500 -465 975 5 0 0 0 1 0 0 0 0 0 0 0
300 24000 -659 269 5 1 1 0 0 0 0 0 0 0 0 0
301 4400 577 -993 5 0 1 0 0 0 0 0 0 0 0 0
302 2400 -473 -656 9 0 1 0 0 0 0 0 0 0 0 0
303 5400 -104 39 2 0 1 0 0 0 0 0 0 0 0 0
304 9400 -832 -148 7 0 0 0 0 0 0 0 0 0 0 0
305 7200 -306 -350 5 0 0 0 0 0 0 0 0 0 0 0
306 22000 715 117 4 1 0 0 0 0 0 0 0 0 0 0
307 40000 -321 910 0 0 0 0 0 0 0 0 0 0 0 0
308 4500 501 -942 2 0 0 0 0 0 0 0 0 0 0 0
309 10000 -934 -680 7 0 0 0 0 0 0 0 0 0 0 0
310 5000 129 -697 7 0 0 0 0 0 0 0 0 0 0 0
311 2500 213 -472 1 0 0 1 0 0 5 23 0 1 0 0
312 3400 611 -424 6 0 0 1 1 0 3 83 0 0 0 0
313 27000 -547 -668 8 0 0 1 0 0 4 53 0 0 0 0
314 4400 -911 751 5 0 1 0 0 0 0 0 0 0 0 0
315 9800 -190 799 9 0 0 0 0 0 0 0 0 0 0 0
316 5000 964 838 3 0 1 0 0 0 0 0 0 0 0 0
317 6900 -507 132 5 1 0 1 0 0 1 66 0 0 0 1
318 7400 -662 -258 3 2 1 0 0 0 0 0 0 0 0 0
319 18000 652 -944 2 1 0 0 0 0 0 0 0 0 0 0
320 11600 269 857 0 1 1 0 0 0 0 0 0 0 0 0
321 4700 708 688 8 0 1 0 0 0 0 0 0 0 0 0
322 2300 -793 668 5 0 1 1 0 0 4 73 0 0 0 1
323 5400 -39 952 7 0 0 0 0 0 0 0 0 0 0 0
324 4600 875 -881 4 0 1 0 0 0 0 0 0 0 0 0
325 9200 -335 -347 4 0 1 0 0 0 0 0 0 0 0 0
326 42500 -347 -772 7 0 0 0 1 0 0 0 0 0 0 0
327 2500 -465 -669 1 0 1 0 0 0 0 0 0 0 0 0
328 5600 175 -117 3 0 0 1 0 0 4 41 0 0 1 0
329 3000 68 -489 4 0 0 0 0 0 0 0 0 0 0 0
330 10200 -445 -901 1 0 1 0 0 0 0 0 0 0 0 0
331 6900 -743 -903 6 0 1 0 0 0 0 0 0 0 0 0
332 30000 309 723 2 0 0 0 0 0 0 0 0 0 0 0
333 13500 196 -125 3 0 1 0 0 0 0 0 0 0 0 0
334 29000 623 715 2 0 0 0 0 0 0 0 0 0 0 0
335 9800 -966 600 1 0 1 1 0 0 5 62 0 1 0 1
336 10400 -186 789 7 0 0 0 0 0 0 0 0 0 0 0
337 6800 268 -912 0 0 1 0 0 0 0 0 0 0 0 0
338 6200 976 633 1 0 0 0 0 0 0 0 0 0 0 0
339 12500 403 530 9 1 0 0 0 0 0 0 0 0 0 0
340 2700 -292 -509 2 0 1 0 0 0 0 0 0 0 0 0
341 9000 807 -191 5 0 1 0 0 0 0 0 0 0 0 0
342 2900 230 553 6 0 0 0 0 0 0 0 0 0 0 0
343 3500 -194 644 5 0 1 0 0 0 0 0 0 0 0 0
344 7600 976 -844 8 0 0 0 0 0 0 0 0 0 0 0
345 7200 794 -236 3 0 1 0 0 0 0 0 0 0 0 0
346 2400 -885 213 9 0 0 0 0 0 0 0 0 0 0 0
347 4400 -234 -775 1 0 0 0 0 0 0 0 0 0 0 0
348 13000 770 667 3 1 0 0 0 0 0 0 0 0 0 0
349 9200 481 268 6 0 1 0 0 0 0 0 0 0 0 0
350 20000 -308 -943 5 0 0 0 0 0 0 0 0 0 0 0
351 32500 397 -337 0 0 0 0 0 0 0 0 0 0 0 0
352 22000 595 135 4 0 0 0 0 0 0 0 0 0 0 0
353 9200 -809 -312 7 0 0 0 0 0 0 0 0 0 0 0
354 3100 880 368 3 0 1 1 0 0 5 67 0 1 0 0
355 7400 -375 71 2 2 1 1 0 0 5 22 0 0 0 0
356 6000 47 -769 7 0 0 0 0 0 0 0 0 0 0 0
357 5500 -576 818 4 0 1 0 0 0 0 0 0 0 0 0
358 14500 -718 102 2 0 0 0 0 0 0 0 0 0 0 0
359 2300 -221 -735 6 0 0 0 0 0 0 0 0 0 0 0
360 7000 549 34 2 0 1 0 0 0 0 0 0 0 0 0
361 18000 -630 467 0 0 0 0 0 0 0 0 0 0 0 0
362 16000 -87 -487 4 1 0 0 0 0 0 0 0 0 0 0
363 18000 -689 534 5 0 0 0 0 0 0 0 0 0 0 0
364 28000 827 176 0 0 0 0 0 0 0 0 0 0 0 0
365 4600 -126 -239 7 0 1 0 0 0 0 0 0 0 0 0
366 14000 331 494 2 1 0 1 0 0 4 31 0 0 0 0
367 4100 -376 -750 9 0 0 1 0 0 3 75 0 0 0 0
368 40000 776 -711 8 0 0 1 0 0 5 54 0 0 0 1
369 3900 -816 3 6 0 1 0 0 0 0 0 0 0 0 0
370 3500 -740 312 0 0 1 0 0 0 0 0 0 0 0 0
371 14000 -166 -308 6 0 0 1 0 0 5 53 0 0 0 0
372 4500 685 -259 3 0 0 0 0 0 0 0 0 0 0 0
373 3500 -116 -808 3 0 0 0 0 0 0 0 0 0 0 0
374 6100 77 -404 1 0 1 0 0 0 0 0 0 0 0 0
375 2700 927 134 5 0 0 0 0 0 0 0 0 0 0 0
376 4200 -80 580 2 0 1 0 0 0 0 0 0 0 0 0
377 9400 -282 -683 0 0 1 0 0 0 0 0 0 0 0 0
378 13000 -871 -186 3 1 0 0 0 0 0 0 0 0 0 0
379 27500 -216 218 7 0 0 0 0 0 0 0 0 0 0 0
380 11200 -356 754 2 1 1 0 0 0 0 0 0 0 0 0
381 4000 659 -150 9 0 1 0 0 0 0 0 0 0 0 0
382 10800 770 -547 8 0 1 0 1 0 0 0 0 0 0 0
383 47500 642 868 3 0 0 0 0 0 0 0 0 0 0 0
384 11000 975 -217 7 1 0 0 0 0 0 0 0 0 0 0
385 18000 -674 410 2 0 0 0 0 0 0 0 0 0 0 0
386 3500 955 -138 6 0 1 0 0 0 0 0 0 0 0 0
387 7200 297 238 3 3 0 0 0 0 0 0 0 0 0 0
388 37500 -370 162 8 0 0 0 0 0 0 0 0 0 0 0
389 4400 956 587 3 0 1 0 0 0 0 0 0 0 0 0
390 28000 -207 820 0 0 1 0 0 0 0 0 0 0 0 0
391 14500 -805 543 5 1 0 0 0 0 0 0 0 0 0 0
392 42500 2 -383 1 0 0 0 0 0 0 0 0 0 0 0
393 5100 287 763 6 0 0 1 0 0 1 64 0 1 0 1
394 3700 -311 506 9 0 1 0 0 0 0 0 0 0 0 0
395 4900 -178 -906 2 0 1 1 0 0 5 92 0 0 0 0
396 7400 -287 833 4 1 1 0 0 0 0 0 0 0 0 0
397 4000 -723 -563 2 0 1 0 0 0 0 0 0 0 0 0
398 2800 564 -540 1 0 0 0 0 0 0 0 0 0 0 0
399 3100 -106 763 4 0 0 0 0 0 0 0 0 0 0 0
400 52500 -130 98 1 0 0 0 0 0 0 0 0 0 0 0
401 10200 231 398 7 0 0 0 1 0 0 0 0 0 0 0
402 2900 -979 -26 8 0 1 0 0 0 0 0 0 0 0 0
403 4300 640 132 2 0 0 0 0 0 0 0 0 0 0 0
404 11200 795 -204 1 0 0 0 0 0 0 0 0 0 0 0
405 3600 -19 183 7 0 1 0 0 0 0 0 0 0 0 0
406 6400 995 -250 9 0 1 0 0 0 0 0 0 0 0 0
407 8000 803 -502 3 0 1 0 0 0 0 0 0 0 0 0
408 6600 -786 -495 4 1 0 0 0 0 0 0 0 0 0 0
409 5900 -796 -33 0 0 1 0 0 0 0 0 0 0 0 0
410 11200 -917 966 1 1 0 0 0 0 0 0 0 0 0 0
411 2400 421 -693 9 0 0 1 0 0 2 43 0 1 0 0
412 19000 576 18 4 1 0 0 0 0 0 0 0 0 0 0
413 3400 276 924 6 0 0 0 0 0 0 0 0 0 0 0
414 9800 -131 813 0 0 0 0 0 0 0 0 0 0 0 0
415 52500 842 -4 4 0 0 0 1 0 0 0 0 0 0 0
416 4000 -748 57 8 0 0 0 0 0 0 0 0 0 0 0
417 6100 -387 65 3 0 0 0 0 0 0 0 0 0 0 0
418 40000 -658 -742 0 0 0 0 0 0 0 0 0 0 0 0
419 28000 -661 -779 0 0 1 0 0 0 0 0 0 0 0 0
420 4900 -677 -101 0 0 1 0 0 0 0 0 0 0 0 0
421 22000 -859 549 4 0 0 0 1 0 0 0 0 0 0 0
422 10000 133 -749 0 0 0 0 0 0 0 0 0 0 0 0
423 11600 235 -454 5 0 0 1 0 0 2 88 0 0 0 0
424 4200 -847 132 8 0 1 0 0 0 0 0 0 0 0 0
425 11600 880 -836 8 1 0 0 0 0 0 0 0 0 0 0
426 2800 522 68 1 0 1 0 0 0 0 0 0 0 0 0
427 9800 711 79 7 0 1 1 1 0 4 49 0 0 0 0
428 30000 105 -834 5 0 0 0 1 0 0 0 0 0 0 0
429 2500 -134 -178 1 0 1 0 0 0 0 0 0 0 0 0
430 11000 381 -919 4 1 0 1 1 0 2 87 0 0 0 1
431 2400 442 897 7 0 1 0 0 0 0 0 0 0 0 0
432 4600 -672 916 8 0 0 0 1 0 0 0 0 0 0 0
433 9400 -470 -88 9 0 0 1 0 0 3 79 0 0 0 1
434 9000 -792 -878 9 0 1 1 0 0 2 56 0 1 0 1
435 27500 406 592 5 0 0 0 1 0 0 0 0 0 0 0
436 3700 536 522 0 0 0 0 0 0 0 0 0 0 0 0
437 18000 763 -912 5 0 0 0 0 0 0 0 0 0 0 0
438 3800 37 392 0 0 1 0 0 0 0 0 0 0 0 0
439 12000 -832 577 8 0 0 0 0 0 0 0 0 0 0 0
440 40000 495 593 6 0 0 1 0 0 4 79 0 0 0 1
441 6500 -389 13 2 0 0 0 1 0 0 0 0 0 0 0
442 6200 -221 -158 1 0 0 0 0 0 0 0 0 0 0 0
443 16000 -87 475 8 1 1 0 0 0 0 0 0 0 0 0
444 9000 893 863 1 0 0 0 0 0 0 0 0 0 0 0
445 2800 175 270 7 0 0 0 0 0 0 0 0 0 0 0
446 5600 539 -127 3 0 1 1 0 0 2 95 0 0 0 0
447 5300 -954 134 2 0 1 0 1 0 0 0 0 0 0 0
448 6000 -830 709 9 0 1 0 0 0 0 0 0 0 0 0
449 4000 533 923 0 0 1 0 0 0 0 0 0 0 0 0
450 18000 368 949 8 1 1 0 0 0 0 0 0 0 0 0
451 5600 -466 871 9 0 0 0 0 0 0 0 0 0 0 0
452 6600 527 899 5 0 0 0 0 0 0 0 0 0 0 0
453 6700 739 -393 5 0 0 0 0 0 0 0 0 0 0 0
454 6800 143 210 4 1 0 0 0 0 0 0 0 0 0 0
455 3100 89 -63 9 0 0 1 0 0 5 52 0 1 1 0
456 5800 371 440 3 0 0 0 0 0 0 0 0 0 0 0
457 6000 466 -668 7 0 0 0 0 0 0 0 0 0 0 0
458 40000 -617 -427 5 0 1 0 0 0 0 0 0 0 0 0
459 26000 972 408 5 0 1 0 0 0 0 0 0 0 0 0
460 3600 205 548 6 0 1 0 0 0 0 0 0 0 0 0
461 2800 -317 -836 9 0 0 0 0 0 0 0 0 0 0 0
462 4600 -808 -165 1 0 1 0 1 0 0 0 0 0 0 0
463 27500 116 -53 6 0 0 1 0 0 1 22 0 0 0 1
464 3000 -254 -537 3 0 1 0 0 0 0 0 0 0 0 0
465 3500 -281 569 3 0 1 0 0 0 0 0 0 0 0 0
466 6300 -55 908 5 0 1 0 0 0 0 0 0 0 0 0
467 10400 -553 -344 1 0 0 1 0 0 4 72 0 0 0 0
468 19000 -177 33 0 1 0 0 0 0 0 0 0 0 0 0
469 3800 578 902 2 0 1 0 0 0 0 0 0 0 0 0
470 8800 -555 37 0 0 1 0 0 0 0 0 0 0 0 0
471 5700 -909 855 3 0 0 0 0 0 0 0 0 0 0 0
472 5500 -43 -908 8 0 0 0 0 0 0 0 0 0 0 0
473 4300 -490 -47 8 0 1 0 0 0 0 0 0 0 0 0
474 10000 740 -454 7 0 0 0 0 0 0 0 0 0 0 0
475 52500 -420 -723 9 0 0 0 0 0 0 0 0 0 0 0
476 5700 312 -991 4 0 0 0 0 0 0 0 0 0 0 0
477 4500 -907 -74 5 0 0 0 0 0 0 0 0 0 0 0
478 27500 -52 -97 7 0 0 0 0 0 0 0 0 0 0 0
479 27000 -276 455 5 0 1 0 0 0 0 0 0 0 0 0
480 2900 63 516 5 0 0 0 0 0 0 0 0 0 0 0
481 11200 583 453 1 1 1 0 0 0 0 0 0 0 0 0
482 12500 366 -906 1 1 0 0 0 0 0 0 0 0 0 0
483 4100 -784 -145 6 0 1 0 0 0 0 0 0 0 0 0
484 7600 -763 602 3 0 0 0 0 0 0 0 0 0 0 0
485 10000 -169 -775 0 0 0 0 0 0 0 0 0 0 0 0
486 4800 -208 -743 7 0 1 0 0 0 0 0 0 0 0 0
487 4400 -387 803 0 0 0 0 0 0 0 0 0 0 0 0
488 3300 -937 -172 9 0 1 0 0 0 0 0 0 0 0 0
489 9200 279 323 5 0 1 0 0 0 0 0 0 0 0 0
490 9800 -913 779 4 0 0 0 0 0 0 0 0 0 0 0
491 7400 -146 -205 9 3 0 0 0 0 0 0 0 0 0 0
492 13500 264 519 4 0 1 1 0 0 4 88 0 0 0 0
493 40000 923 383 0 0 0 0 0 0 0 0 0 0 0 0
494 4700 533 295 5 0 1 0 0 0 0 0 0 0 0 0
495 2300 30 364 4 0 0 0 0 0 0 0 0 0 0 0
496 5900 378 -49 2 0 0 0 0 0 0 0 0 0 0 0
497 8400 356 -508 9 0 1 0 0 0 0 0 0 0 0 0
498 3500 705 842 9 0 1 0 0 0 0 0 0 0 0 0
499 7200 668 -36 4 0 1 0 0 0 0 0 0 0 0 0
500 11800 526 -163 1 0 0 0 0 0 0 0 0 0 0 0
501 5000 -482 867 3 0 0 1 0 0 3 72 0 0 0 0
502 29000 967 -589 5 0 1 0 0 0 0 0 0 0 0 0
503 3600 -338 268 1 0 1 1 0 0 3 71 0 0 1 0
504 5400 265 -253 3 0 1 0 0 0 0 0 0 0 0 0
505 23000 -825 549 0 0 0 0 0 0 0 0 0 0 0 0
506 55000 -375 -19 4 0 1 0 0 0 0 0 0 0 0 0
507 9200 -585 261 6 0 0 0 1 0 0 0 0 0 0 0
508 4100 -866 302 0 0 1 0 0 0 0 0 0 0 0 0
509 6600 150 -345 8 0 1 0 0 0 0 0 0 0 0 0
510 12500 574 184 9 0 0 0 0 0 0 0 0 0 0 0
511 6500 249 825 6 0 1 0 0 0 0 0 0 0 0 0
512 5400 440 -108 7 0 0 1 0 0 3 26 0 0 0 0
513 47500 689 853 8 0 0 0 0 0 0 0 0 0 0 0
514 6300 100 -165 8 0 0 0 0 0 0 0 0 0 0 0
515 4300 -224 -590 1 0 0 0 0 0 0 0 0 0 0 0
516 4300 -910 -993 1 0 0 0 0 0 0 0 0 0 0 0
517 7200 756 -4 7 0 0 0 0 0 0 0 0 0 0 0
518 7000 908 -404 9 0 1 0 0 0 0 0 0 0 0 0
519 35000 179 -289 5 0 0 1 0 0 5 45 0 0 0 0
520 4600 -224 -658 8 0 1 0 0 0 0 0 0 0 0 0
521 21000 -242 -51 6 0 0 1 0 0 2 51 0 0 0 0
522 8400 -645 661 5 0 0 0 1 0 0 0 0 0 0 0
523 3900 706 -818 2 0 1 0 0 0 0 0 0 0 0 0
524 15000 926 -488 0 0 0 0 0 0 0 0 0 0 0 0
525 5200 -298 207 4 0 1 0 0 0 0 0 0 0 0 0
526 7200 -742 -348 9 0 1 0 0 0 0 0 0 0 0 0
527 4600 685 -340 1 0 1 0 0 0 0 0 0 0 0 0
528 4500 -708 985 8 0 1 0 0 0 0 0 0 0 0 0
529 20000 -521 -994 3 1 0 0 0 0 0 0 0 0 0 0
530 27500 -568 866 2 0 0 0 0 0 0 0 0 0 0 0
531 5200 -586 -826 2 0 0 0 0 0 0 0 0 0 0 0
532 11200 -138 491 9 0 0 0 0 0 0 0 0 0 0 0
533 7400 483 562 7 0 1 0 0 0 0 0 0 0 0 0
534 10000 -201 -580 2 0 0 1 0 0 5 59 0 0 0 1
535 6800 767 751 2 1 1 0 0 0 0 0 0 0 0 0
536 6400 -620 -603 8 0 0 1 1 0 5 63 0 0 0 1
537 23000 -812 900 4 1 0 1 0 0 1 97 0 0 0 1
538 27000 976 206 4 0 1 0 0 0 0 0 0 0 0 0
539 50000 221 -463 2 0 0 0 0 0 0 0 0 0 0 0
540 14500 -622 786 2 0 0 0 0 0 0 0 0 0 0 0
541 4600 19 927 1 0 0 1 0 0 1 90 0 0 0 1
542 9400 -80 813 6 0 0 0 0 0 0 0 0 0 0 0
543 8200 188 -295 1 2 0 0 0 0 0 0 0 0 0 0
544 2500 771 -287 6 0 1 0 0 0 0 0 0 0 0 0
545 23000 -115 8 3 1 0 0 1 0 0 0 0 0 0 0
546 12500 328 -925 9 0 0 0 0 0 0 0 0 0 0 0
547 6400 310 -740 3 0 1 1 0 0 2 23 0 0 0 0
548 11800 209 472 3 0 0 0 0 0 0 0 0 0 0 0
549 6300 356 -590 5 0 0 0 0 0 0 0 0 0 0 0
550 8200 -894 -301 8 0 0 0 0 0 0 0 0 0 0 0
551 22000 -595 -335 2 1 0 0 0 0 0 0 0 0 0 0
552 30000 -867 240 9 0 0 0 0 0 0 0 0 0 0 0
553 27500 -581 175 9 0 0 0 0 0 0 0 0 0 0 0
554 7600 -971 243 5 0 1 0 0 0 0 0 0 0 0 0
555 16000 773 -307 0 1 0 0 0 0 0 0 0 0 0 0
556 21000 428 47 9 1 0 0 0 0 0 0 0 0 0 0
557 27500 718 859 1 0 1 0 0 0 0 0 0 0 0 0
558 4000 957 -500 7 0 1 0 0 0 0 0 0 0 0 0
559 5600 201 -890 3 0 1 0 0 0 0 0 0 0 0 0
560 7800 313 473 5 2 1 1 0 0 5 64 0 0 0 1
561 5000 -976 -868 3 0 0 0 0 0 0 0 0 0 0 0
562 5900 871 927 2 0 1 0 0 0 0 0 0 0 0 0
563 7400 555 -186 3 1 1 0 0 0 0 0 0 0 0 0
564 14500 416 -178 3 0 0 0 0 0 0 0 0 0 0 0
565 5700 474 959 6 0 0 0 0 0 0 0 0 0 0 0
566 3300 -367 499 5 0 1 0 0 0 0 0 0 0 0 0
567 45000 79 -689 4 0 0 1 0 0 2 95 0 0 0 1
568 9600 -14 626 4 0 1 1 0 0 4 33 0 0 0 0
569 3600 -799 -668 8 0 1 0 0 0 0 0 0 0 0 0
570 47500 817 964 4 0 1 1 0 0 3 21 0 0 0 0
571 22000 722 -91 9 1 0 0 0 0 0 0 0 0 0 0
572 5600 104 -270 3 0 0 0 0 0 0 0 0 0 0 0
573 2800 30 272 4 0 1 0 0 0 0 0 0 0 0 0
574 9200 858 -34 6 0 0 0 0 0 0 0 0 0 0 0
575 2300 -417 -96 3 0 1 0 0 0 0 0 0 0 0 0
576 3400 -764 893 3 0 0 0 0 0 0 0 0 0 0 0
577 7800 222 421 0 0 1 0 0 0 0 0 0 0 0 0
578 2600 597 581 3 0 0 0 0 0 0 0 0 0 0 0
579 9800 404 828 9 0 0 0 0 0 0 0 0 0 0 0
580 42500 -559 848 7 0 0 0 0 0 0 0 0 0 0 0
581 15000 517 -762 7 1 1 0 0 0 0 0 0 0 0 0
582 3900 774 560 2 0 1 0 0 0 0 0 0 0 0 0
583 2700 -972 8 8 0 0 0 0 0 0 0 0 0 0 0
584 3800 274 -500 3 0 0 0 0 0 0 0 0 0 0 0
585 5400 -733 815 6 0 1 0 0 0 0 0 0 0 0 0
586 8800 969 -435 9 2 1 0 0 0 0 0 0 0 0 0
587 2900 -295 846 0 0 0 0 1 0 0 0 0 0 0 0
588 8400 630 -194 6 0 1 0 0 0 0 0 0 0 0 0
589 3800 462 977 9 0 0 1 0 0 2 22 0 1 0 0
590 5600 -740 -223 6 0 1 0 0 0 0 0 0 0 0 0
591 11400 74 258 1 1 1 1 0 0 2 29 0 0 0 1
592 25000 895 -831 0 0 0 0 1 0 0 0 0 0 0 0
593 3400 -762 -431 7 0 1 1 0 0 2 24 0 0 0 0
594 45000 -302 278 2 0 1 1 0 0 5 38 0 0 0 0
595 10400 -789 572 8 0 0 0 0 0 0 0 0 0 0 0
596 4200 788 322 7 0 1 0 0 0 0 0 0 0 0 0
597 6800 -545 838 2 0 0 0 0 0 0 0 0 0 0 0
598 9000 -675 452 4 0 0 0 0 0 0 0 0 0 0 0
599 2700 -836 -635 8 0 0 0 0 0 0 0 0 0 0 0
600 26000 501 354 6 0 0 0 0 0 0 0 0 0 0 0
601 10600 489 271 2 0 0 0 0 0 0 0 0 0 0 0
602 9400 -210 986 4 0 0 0 0 0 0 0 0 0 0 0
603 6800 -269 157 1 0 1 0 0 0 0 0 0 0 0 0
604 2500 85 127 8 0 0 0 0 0 0 0 0 0 0 0
605 7600 30 626 4 0 1 0 0 0 0 0 0 0 0 0
606 27000 834 614 0 0 0 1 0 0 5 56 0 0 0 0
607 40000 937 144 1 0 1 0 0 0 0 0 0 0 0 0
608 2400 97 872 0 0 0 0 1 0 0 0 0 0 0 0
609 13000 -291 -425 2 0 1 0 0 0 0 0 0 0 0 0
610 6200 368 231 3 0 1 0 0 0 0 0 0 0 0 0
611 11200 346 -725 2 0 0 0 0 0 0 0 0 0 0 0
612 10800 -419 139 1 0 0 0 0 0 0 0 0 0 0 0
613 5600 454 762 0 0 0 1 0 0 4 45 0 0 1 0
614 6000 -521 268 8 0 0 0 0 0 0 0 0 0 0 0
615 12000 -445 109 5 0 1 0 0 0 0 0 0 0 0 0
616 55000 409 -38 4 0 0 0 0 0 0 0 0 0 0 0
617 3600 -438 -873 7 0 1 1 0 0 3 69 0 0 0 0
618 11600 167 -481 8 1 0 1 0 0 3 99 0 0 0 0
619 14500 -53 -88 8 0 0 1 0 0 1 47 0 1 0 0
620 10600 923 251 3 0 0 0 0 0 0 0 0 0 0 0
621 10200 823 -948 3 0 0 0 0 0 0 0 0 0 0 0
622 3900 -510 223 2 0 1 1 0 0 2 42 0 0 0 1
623 4800 -635 -585 2 0 1 0 0 0 0 0 0 0 0 0
624 24000 678 -753 0 0 0 0 0 0 0 0 0 0 0 0
625 4300 -726 539 5 0 0 0 0 0 0 0 0 0 0 0
626 7800 394 920 6 0 0 0 0 0 0 0 0 0 0 0
627 2700 222 197 3 0 1 0 0 0 0 0 0 0 0 0
628 23000 103 -798 7 1 0 0 0 0 0 0 0 0 0 0
629 2900 357 3 7 0 1 0 0 0 0 0 0 0 0 0
630 4600 -383 210 0 0 0 0 0 0 0 0 0 0 0 0
631 7400 758 302 0 2 0 0 0 0 0 0 0 0 0 0
632 7800 216 -731 0 2 0 1 0 0 1 83 0 0 1 0
633 11400 -99 -744 7 0 0 0 0 0 0 0 0 0 0 0
634 55000 -673 461 9 0 0 1 0 0 1 59 0 0 0 1
635 35000 863 864 9 0 0 0 0 0 0 0 0 0 0 0
636 9200 -22 305 1 0 0 0 0 0 0 0 0 0 0 0
637 10200 -953 269 2 0 1 0 0 0 0 0 0 0 0 0
638 4900 595 847 0 0 0 0 0 0 0 0 0 0 0 0
639 5800 649 193 5 0 0 0 0 0 0 0 0 0 0 0
640 5300 -731 -335 0 0 1 0 0 0 0 0 0 0 0 0
641 9800 -534 -622 7 0 0 0 0 0 0 0 0 0 0 0
642 3400 747 740 5 0 1 0 0 0 0 0 0 0 0 0
643 9000 341 801 9 0 1 0 0 0 0 0 0 0 0 0
644 23000 -279 144 4 1 0 0 0 0 0 0 0 0 0 0
645 6300 -812 -321 4 0 1 0 1 0 0 0 0 0 0 0
646 5100 786 243 4 0 0 0 0 0 0 0 0 0 0 0
647 9000 -592 -118 5 0 0 0 1 0 0 0 0 0 0 0
648 40000 -648 -899 8 0 1 0 0 0 0 0 0 0 0 0
649 17000 -899 956 6 0 0 1 0 0 3 21 0 0 0 1
650 11800 -510 94 0 1 1 0 0 0 0 0 0 0 0 0
651 5500 101 959 3 0 0 0 0 0 0 0 0 0 0 0
652 3400 531 -939 4 0 1 0 0 0 0 0 0 0 0 0
653 4800 609 945 6 0 0 0 0 0 0 0 0 0 0 0
654 5400 203 419 4 0 0 0 0 0 0 0 0 0 0 0
655 2700 992 -882 3 0 0 0 0 0 0 0 0 0 0 0
656 3900 -453 609 2 0 0 0 0 0 0 0 0 0 0 0
657 6700 -187 -66 9 1 1 0 0 0 0 0 0 0 0 0
658 27000 -937 -143 7 0 0 0 0 0 0 0 0 0 0 0
659 10800 -146 -689 3 0 0 0 1 0 0 0 0 0 0 0
660 4700 957 263 3 0 0 0 0 0 0 0 0 0 0 0
661 55000 653 792 6 0 0 0 0 0 0 0 0 0 0 0
662 3600 -581 260 7 0 1 0 0 0 0 0 0 0 0 0
663 13000 698 -817 6 1 0 0 0 0 0 0 0 0 0 0
664 5300 254 -185 0 0 1 1 0 0 4 29 0 0 0 1
665 4700 966 508 2 0 0 0 0 0 0 0 0 0 0 0
666 4200 72 -436 9 0 0 0 0 0 0 0 0 0 0 0
667 9600 153 619 8 0 1 1 0 0 5 85 0 0 0 0
668 3600 -835 842 7 0 0 0 0 0 0 0 0 0 0 0
669 12500 944 -74 5 1 0 0 0 0 0 0 0 0 0 0
670 10400 906 -982 6 0 0 1 0 0 3 57 0 0 0 0
671 3800 -852 -211 8 0 1 0 0 0 0 0 0 0 0 0
672 6100 939 791 1 0 1 0 0 0 0 0 0 0 0 0
673 3200 277 -544 9 0 0 0 0 0 0 0 0 0 0 0
674 10600 923 809 5 0 1 0 0 0 0 0 0 0 0 0
675 3700 667 -160 2 0 1 0 0 0 0 0 0 0 0 0
676 6000 492 181 0 0 0 0 0 0 0 0 0 0 0 0
677 28000 502 -545 8 0 1 0 0 0 0 0 0 0 0 0
678 9000 -354 433 6 0 0 0 0 0 0 0 0 0 0 0
679 2600 838 957 7 0 0 0 0 0 0 0 0 0 0 0
680 11000 546 509 6 1 0 0 1 0 0 0 0 0 0 0
681 7400 -94 517 8 3 0 0 0 0 0 0 0 0 0 0
682 42500 -44 -863 6 0 0 0 0 0 0 0 0 0 0 0
683 3000 -344 941 4 0 1 0 0 0 0 0 0 0 0 0
684 4700 -975 676 0 0 0 0 0 0 0 0 0 0 0 0
685 4300 89 727 7 0 1 0 0 0 0 0 0 0 0 0
686 7600 386 -828 0 0 1 0 0 0 0 0 0 0 0 0
687 30000 497 149 7 0 0 0 0 0 0 0 0 0 0 0
688 11200 -322 851 5 0 0 0 0 0 0 0 0 0 0 0
689 29000 -682 220 3 0 0 0 0 0 0 0 0 0 0 0
690 4200 334 577 3 0 1 0 0 0 0 0 0 0 0 0
691 13500 -580 341 9 0 0 0 0 0 0 0 0 0 0 0
692 2700 -73 -645 7 0 0 0 0 0 0 0 0 0 0 0
693 23000 6 -530 8 0 0 0 0 0 0 0 0 0 0 0
694 4900 -211 209 7 0 1 0 0 0 0 0 0 0 0 0
695 5000 -234 218 2 0 0 0 0 0 0 0 0 0 0 0
696 37500 329 -392 3 0 0 0 0 0 0 0 0 0 0 0
697 2500 -311 -722 9 0 1 0 0 0 0 0 0 0 0 0
698 10000 -986 884 4 0 0 1 0 0 2 52 0 1 1 0
699 20000 -248 685 5 1 1 1 0 0 1 59 0 0 0 0
700 27000 -452 -352 1 0 0 0 0 0 0 0 0 0 0 0
701 4200 972 975 2 0 1 0 0 0 0 0 0 0 0 0
702 6100 446 888 6 0 1 0 0 0 0 0 0 0 0 0
703 3000 -839 24 6 0 0 0 0 0 0 0 0 0 0 0
704 9400 -87 492 8 0 0 1 0 0 3 58 0 0 0 1
705 10400 -194 299 0 0 0 0 0 0 0 0 0 0 0 0
706 3700 614 700 9 0 0 0 0 0 0 0 0 0 0 0
707 55000 -55 -785 3 0 1 0 0 0 0 0 0 0 0 0
708 7600 465 -423 3 2 1 0 0 0 0 0 0 0 0 0
709 26000 852 509 4 0 0 0 1 0 0 0 0 0 0 0
710 9200 512 211 6 0 1 0 0 0 0 0 0 0 0 0
711 9000 -932 -534 9 0 0 0 0 0 0 0 0 0 0 0
712 8800 741 -538 8 2 0 0 0 0 0 0 0 0 0 0
713 5500 -137 649 8 0 1 0 0 0 0 0 0 0 0 0
714 7800 -770 126 0 0 0 0 0 0 0 0 0 0 0 0
715 10400 297 803 8 0 0 0 0 0 0 0 0 0 0 0
716 10000 721 -802 7 0 1 0 0 0 0 0 0 0 0 0
717 5800 835 835 2 0 0 0 0 0 0 0 0 0 0 0
718 9000 -6 -20 3 0 1 0 0 0 0 0 0 0 0 0
719 3000 648 -855 1 0 1 0 0 0 0 0 0 0 0 0
720 8200 -247 -93 5 0 0 0 0 0 0 0 0 0 0 0
721 8400 323 -620 8 2 0 0 0 0 0 0 0 0 0 0
722 6700 -513 111 8 3 1 1 0 0 3 79 0 0 1 0
723 24000 791 -7 2 0 0 0 0 0 0 0 0 0 0 0
724 3900 -871 797 5 0 1 0 0 0 0 0 0 0 0 0
725 30000 -644 232 8 0 0 0 0 0 0 0 0 0 0 0
726 35000 596 -112 2 0 0 0 0 0 0 0 0 0 0 0
727 6900 261 -507 9 1 0 0 1 0 0 0 0 0 0 0
728 5600 -469 -705 3 0 1 0 0 0 0 0 0 0 0 0
729 2400 -32 101 0 0 0 0 0 0 0 0 0 0 0 0
730 20000 -393 484 0 0 0 0 0 0 0 0 0 0 0 0
731 4600 -399 -506 3 0 1 0 0 0 0 0 0 0 0 0
732 37500 83 42 1 0 0 1 1 0 4 38 0 0 0 0
733 8600 -533 -875 8 0 1 0 0 0 0 0 0 0 0 0
734 5600 -304 26 0 0 0 0 0 0 0 0 0 0 0 0
735 5000 -523 282 0 0 1 0 0 0 0 0 0 0 0 0
736 50000 -530 -610 2 0 0 0 0 0 0 0 0 0 0 0
737 3800 340 95 5 0 1 0 0 0 0 0 0 0 0 0
738 10000 407 -707 5 0 0 0 0 0 0 0 0 0 0 0
739 35000 243 -97 7 0 1 0 0 0 0 0 0 0 0 0
740 28000 605 -973 4 0 0 0 0 0 0 0 0 0 0 0
741 50000 817 -472 2 0 0 0 0 0 0 0 0 0 0 0
742 3600 123 305 1 0 1 0 0 0 0 0 0 0 0 0
743 6000 915 -982 8 0 0 0 0 0 0 0 0 0 0 0
744 8200 329 643 5 2 0 0 0 0 0 0 0 0 0 0
745 6300 -624 -87 8 0 0 1 0 0 3 52 0 0 1 0
746 22000 942 232 8 0 0 0 0 0 0 0 0 0 0 0
747 21000 -144 540 3 0 0 0 0 0 0 0 0 0 0 0
748 7600 292 -801 4 0 0 0 0 0 0 0 0 0 0 0
749 9600 636 144 8 0 0 0 0 0 0 0 0 0 0 0
750 42500 -91 -20 1 0 0 0 0 0 0 0 0 0 0 0
751 6300 660 752 6 0 0 0 0 0 0 0 0 0 0 0
752 20000 988 822 4 0 1 0 0 0 0 0 0 0 0 0
753 6800 299 210 7 0 0 0 0 0 0 0 0 0 0 0
754 10400 -449 -822 4 0 0 0 0 0 0 0 0 0 0 0
755 5500 -217 150 8 0 1 0 0 0 0 0 0 0 0 0
756 3500 -231 -593 3 0 0 0 0 0 0 0 0 0 0 0
757 17000 67 -795 5 0 0 0 0 0 0 0 0 0 0 0
758 9000 739 -609 0 0 1 0 0 0 0 0 0 0 0 0
759 26000 -143 282 6 0 0 0 0 0 0 0 0 0 0 0
760 8800 664 952 9 2 1 0 0 0 0 0 0 0 0 0
761 3100 890 832 5 0 0 0 0 0 0 0 0 0 0 0
762 5000 -125 311 5 0 0 0 0 0 0 0 0 0 0 0
763 27500 -96 386 7 0 0 1 0 0 4 72 0 0 0 0
764 2800 773 979 3 0 1 0 0 0 0 0 0 0 0 0
765 4800 -263 -881 5 0 0 0 1 0 0 0 0 0 0 0
766 18000 -969 703 8 0 0 0 0 0 0 0 0 0 0 0
767 3500 94 768 8 0 0 0 0 0 0 0 0 0 0 0
768 14500 -781 -791 0 0 0 0 0 0 0 0 0 0 0 0
769 3400 -796 -454 4 0 0 0 0 0 0 0 0 0 0 0
770 4800 -572 -384 6 0 1 0 1 0 0 0 0 0 0 0
771 47500 585 152 1 0 0 0 0 0 0 0 0 0 0 0
772 3100 972 -802 7 0 0 0 0 0 0 0 0 0 0 0
773 7400 -684 905 6 3 0 0 0 0 0 0 0 0 0 0
774 12000 109 -81 6 0 0 0 0 0 0 0 0 0 0 0
775 52500 202 404 3 0 0 0 0 0 0 0 0 0 0 0
776 5200 -76 -669 0 0 0 0 0 0 0 0 0 0 0 0
777 14500 -614 508 3 1 0 0 0 0 0 0 0 0 0 0
778 6800 -573 -394 7 0 1 0 0 0 0 0 0 0 0 0
779 10400 -993 807 7 0 0 0 0 0 0 0 0 0 0 0
780 4600 -225 738 5 0 1 0 0 0 0 0 0 0 0 0
781 50000 -660 -584 1 0 0 0 0 0 0 0 0 0 0 0
782 3700 628 602 9 0 1 0 0 0 0 0 0 0 0 0
783 42500 337 88 2 0 1 0 0 0 0 0 0 0 0 0
784 3300 -652 -565 5 0 0 0 0 0 0 0 0 0 0 0
785 5900 -421 560 5 0 0 0 0 0 0 0 0 0 0 0
786 4000 -8 479 3 0 1 0 0 0 0 0 0 0 0 0
787 8600 785 38 1 2 0 0 0 0 0 0 0 0 0 0
788 6300 -543 877 2 0 1 0 0 0 0 0 0 0 0 0
789 5500 251 542 5 0 0 0 0 0 0 0 0 0 0 0
790 10200 -527 252 8 0 0 0 0 0 0 0 0 0 0 0
791 11400 319 -485 1 1 0 0 0 0 0 0 0 0 0 0
792 9400 555 203 5 0 0 0 0 0 0 0 0 0 0 0
793 2900 390 365 6 0 1 0 0 0 0 0 0 0 0 0
794 2300 858 612 4 0 1 0 0 0 0 0 0 0 0 0
795 4300 -70 -601 2 0 1 0 0 0 0 0 0 0 0 0
796 3100 632 -853 0 0 1 0 0 0 0 0 0 0 0 0
797 26000 -987 760 6 0 1 0 0 0 0 0 0 0 0 0
798 6400 503 486 7 0 0 0 0 0 0 0 0 0 0 0
799 3900 -141 -956 4 0 1 0 0 0 0 0 0 0 0 0
800 10000 122 -524 3 0 1 0 0 0 0 0 0 0 0 0
801 2700 820 509 1 0 0 0 0 0 0 0 0 0 0 0
802 3500 369 53 1 0 0 0 0 0 0 0 0 0 0 0
803 5000 -573 -603 3 0 0 0 0 0 0 0 0 0 0 0
804 21000 576 507 3 0 0 0 0 0 0 0 0 0 0 0
805 25000 194 823 0 0 0 0 0 0 0 0 0 0 0 0
806 27000 -25 -667 2 0 0 0 0 0 0 0 0 0 0 0
807 19000 236 421 2 1 0 0 0 0 0 0 0 0 0 0
808 7400 -561 574 8 3 1 0 0 0 0 0 0 0 0 0
809 50000 299 318 1 0 0 0 0 0 0 0 0 0 0 0
810 5100 -276 -355 7 0 1 0 0 0 0 0 0 0 0 0
811 9000 -424 -647 2 0 1 1 0 0 2 51 0 0 0 0
812 5000 -680 -881 3 0 0 0 0 0 0 0 0 0 0 0
813 5000 688 53 1 0 1 1 0 0 5 52 0 0 0 0
814 3500 -468 -206 0 0 1 0 0 0 0 0 0 0 0 0
815 5000 982 -371 0 0 1 0 0 0 0 0 0 0 0 0
816 4700 487 849 0 0 1 0 0 0 0 0 0 0 0 0
817 10800 -65 -83 1 0 0 0 0 0 0 0 0 0 0 0
818 2900 432 -775 7 0 0 0 0 0 0 0 0 0 0 0
819 7600 708 -168 4 2 1 0 0 0 0 0 0 0 0 0
820 26000 189 898 2 0 0 1 0 0 5 21 0 0 0 1
821 3900 -492 796 0 0 1 0 0 0 0 0 0 0 0 0
822 11600 -434 -763 3 0 1 1 0 0 3 42 0 0 0 1
823 47500 129 -45 6 0 1 0 0 0 0 0 0 0 0 0
824 18000 -796 -606 9 0 0 0 0 0 0 0 0 0 0 0
825 5600 675 561 4 0 1 0 1 0 0 0 0 0 0 0
826 3800 -554 -230 4 0 1 0 0 0 0 0 0 0 0 0
827 20000 955 892 4 0 0 0 0 0 0 0 0 0 0 0
828 6400 -894 896 9 0 1 0 0 0 0 0 0 0 0 0
829 10400 -580 14 2 0 0 0 0 0 0 0 0 0 0 0
830 3100 -574 -837 0 0 0 0 0 0 0 0 0 0 0 0
831 10200 -787 137 5 0 0 0 0 0 0 0 0 0 0 0
832 6000 -866 -760 7 0 0 0 0 0 0 0 0 0 0 0
833 21000 -359 302 5 1 0 0 0 0 0 0 0 0 0 0
834 5600 183 -750 9 0 0 0 0 0 0 0 0 0 0 0
835 8000 121 432 4 2 0 0 0 0 0 0 0 0 0 0
836 5900 -86 -739 6 0 0 0 0 0 0 0 0 0 0 0
837 10200 -728 -986 5 0 0 0 0 0 0 0 0 0 0 0
838 8200 -869 -130 6 2 1 0 0 0 0 0 0 0 0 0
839 37500 416 924 6 0 0 0 0 0 0 0 0 0 0 0
840 4000 -681 -815 7 0 1 0 0 0 0 0 0 0 0 0
841 12000 -867 579 8 0 0 0 1 0 0 0 0 0 0 0
842 55000 112 552 8 0 0 0 0 0 0 0 0 0 0 0
843 10400 946 263 8 0 0 0 0 0 0 0 0 0 0 0
844 9600 827 -435 3 0 0 0 0 0 0 0 0 0 0 0
845 11400 569 -313 6 0 0 0 0 0 0 0 0 0 0 0
846 7800 -702 -521 5 0 0 0 0 0 0 0 0 0 0 0
847 8600 324 -426 3 0 0 0 0 0 0 0 0 0 0 0
848 6800 -235 749 1 0 0 0 0 0 0 0 0 0 0 0
849 10600 209 280 7 0 0 0 0 0 0 0 0 0 0 0
850 32500 553 750 8 0 0 0 0 0 0 0 0 0 0 0
851 4100 -348 468 9 0 0 0 0 0 0 0 0 0 0 0
852 2900 -11 694 3 0 1 0 0 0 0 0 0 0 0 0
853 24000 -354 767 5 0 0 0 0 0 0 0 0 0 0 0
854 4700 534 -288 4 0 1 0 0 0 0 0 0 0 0 0
855 4700 -614 -765 2 0 1 0 0 0 0 0 0 0 0 0
856 24000 -38 751 2 0 1 0 0 0 0 0 0 0 0 0
857 5500 -705 149 4 0 0 0 0 0 0 0 0 0 0 0
858 10000 508 335 6 0 0 0 0 0 0 0 0 0 0 0
859 4900 358 741 2 0 1 0 0 0 0 0 0 0 0 0
860 10200 895 -366 8 0 0 0 0 0 0 0 0 0 0 0
861 32500 906 413 9 0 0 0 1 0 0 0 0 0 0 0
862 45000 917 -642 7 0 0 1 0 0 3 46 0 0 0 0
863 2900 51 -94 8 0 1 0 0 0 0 0 0 0 0 0
864 5000 564 -750 5 0 0 0 0 0 0 0 0 0 0 0
865 5500 330 -505 7 0 1 0 0 0 0 0 0 0 0 0
866 40000 -215 -67 9 0 0 0 0 0 0 0 0 0 0 0
867 11600 -301 311 8 1 0 0 0 0 0 0 0 0 0 0
868 3800 -824 43 9 0 1 1 0 0 3 57 0 0 0 1
869 5800 69 -140 4 0 0 0 0 0 0 0 0 0 0 0
870 26000 -987 401 8 0 0 0 0 0 0 0 0 0 0 0
871 2300 -47 -572 6 0 1 0 0 0 0 0 0 0 0 0
872 24000 -148 -353 3 1 0 0 1 0 0 0 0 0 0 0
873 8000 -886 215 8 2 1 0 0 0 0 0 0 0 0 0
874 13000 -650 845 9 1 1 0 0 0 0 0 0 0 0 0
875 11600 -620 740 3 1 0 0 0 0 0 0 0 0 0 0
876 32500 -212 587 0 0 0 0 0 0 0 0 0 0 0 0
877 4200 -726 472 0 0 1 0 0 0 0 0 0 0 0 0
878 4400 308 392 6 0 0 0 0 0 0 0 0 0 0 0
879 4100 963 996 7 0 1 0 0 0 0 0 0 0 0 0
880 5200 602 -853 3 0 0 0 0 0 0 0 0 0 0 0
881 5700 686 -660 7 0 1 0 0 0 0 0 0 0 0 0
882 13000 -855 819 3 0 0 0 0 0 0 0 0 0 0 0
883 30000 365 -432 3 0 0 0 0 0 0 0 0 0 0 0
884 55000 894 -62 4 0 0 0 0 0 0 0 0 0 0 0
885 5400 -704 -663 8 0 0 0 0 0 0 0 0 0 0 0
886 6800 -912 -266 8 0 1 1 0 0 5 38 0 0 0 0
887 5600 -30 467 3 0 1 0 0 0 0 0 0 0 0 0
888 30000 -174 6 6 0 0 0 0 0 0 0 0 0 0 0
889 9400 -769 -712 8 0 0 0 0 0 0 0 0 0 0 0
890 37500 -149 -43 0 0 1 0 1 0 0 0 0 0 0 0
891 11600 713 188 3 0 1 0 0 0 0 0 0 0 0 0
892 15000 -618 287 5 1 0 0 0 0 0 0 0 0 0 0
893 3900 -78 -69 4 0 1 0 0 0 0 0 0 0 0 0
894 27000 682 899 4 0 0 0 0 0 0 0 0 0 0 0
895 16000 947 -378 0 1 0 1 0 0 3 70 0 0 0 1
896 14500 915 250 1 1 0 0 0 0 0 0 0 0 0 0
897 3500 -109 588 1 0 0 0 1 0 0 0 0 0 0 0
898 40000 484 -505 1 0 0 0 0 0 0 0 0 0 0 0
899 14500 -642 776 3 0 0 0 0 0 0 0 0 0 0 0
900 14500 -799 -30 5 0 0 0 0 0 0 0 0 0 0 0
901 6400 -689 289 5 0 0 0 0 0 0 0 0 0 0 0
902 3300 777 -522 6 0 1 0 0 0 0 0 0 0 0 0
903 7200 16 503 2 0 1 0 0 0 0 0 0 0 0 0
904 8000 -114 -235 4 0 0 0 0 0 0 0 0 0 0 0
905 9000 -110 -309 5 0 1 0 0 0 0 0 0 0 0 0
906 37500 -883 -621 6 0 0 1 1 0 3 95 0 1 1 0
907 9800 -293 -408 6 0 1 0 0 0 0 0 0 0 0 0
908 6400 528 29 9 0 0 0 0 0 0 0 0 0 0 0
909 8800 917 948 4 2 1 0 0 0 0 0 0 0 0 0
910 6900 458 583 1 3 0 0 0 0 0 0 0 0 0 0
911 3900 -866 -155 1 0 1 0 0 0 0 0 0 0 0 0
912 4300 727 -795 4 0 1 1 0 0 5 42 0 0 0 0
913 6300 997 -749 3 0 0 0 0 0 0 0 0 0 0 0
914 9400 -840 427 5 0 0 0 0 0 0 0 0 0 0 0
915 3500 43 -801 8 0 0 0 0 0 0 0 0 0 0 0
916 6800 -266 -436 4 2 0 0 0 0 0 0 0 0 0 0
917 8600 -601 -712 5 2 0 0 0 0 0 0 0 0 0 0
918 35000 -381 -172 9 0 0 0 1 0 0 0 0 0 0 0
919 4500 663 105 9 0 0 0 0 0 0 0 0 0 0 0
920 24000 221 -885 8 0 1 0 0 0 0 0 0 0 0 0
921 2700 -180 961 5 0 1 0 0 0 0 0 0 0 0 0
922 22000 -179 46 8 0 1 0 0 0 0 0 0 0 0 0
923 13500 -142 -94 3 1 0 0 0 0 0 0 0 0 0 0
924 5400 -115 597 4 0 1 0 0 0 0 0 0 0 0 0
925 4200 -554 778 9 0 0 0 0 0 0 0 0 0 0 0
926 14500 824 462 0 0 0 0 0 0 0 0 0 0 0 0
927 2300 88 -591 7 0 1 0 0 0 0 0 0 0 0 0
928 2500 -831 528 3 0 0 0 0 0 0 0 0 0 0 0
929 5800 -550 746 8 0 0 0 0 0 0 0 0 0 0 0
930 5100 693 242 5 0 1 0 0 0 0 0 0 0 0 0
931 9800 -538 -198 3 0 0 0 0 0 0 0 0 0 0 0
932 10800 -292 794 6 0 1 0 0 0 0 0 0 0 0 0
933 9800 752 911 2 0 0 0 0 0 0 0 0 0 0 0
934 9800 -599 8 9 0 1 0 1 0 0 0 0 0 0 0
935 5900 -639 343 9 0 1 0 0 0 0 0 0 0 0 0
936 2500 -930 -74 4 0 1 0 0 0 0 0 0 0 0 0
937 3100 -799 -229 3 0 1 0 0 0 0 0 0 0 0 0
938 12000 19 3 2 0 0 0 0 0 0 0 0 0 0 0
939 6000 -231 -337 6 0 0 0 0 0 0 0 0 0 0 0
940 3200 -933 986 8 0 0 0 1 0 0 0 0 0 0 0
941 4100 -553 -655 2 0 1 0 0 0 0 0 0 0 0 0
942 20000 -513 329 5 1 0 0 0 0 0 0 0 0 0 0
943 5000 -734 262 8 0 0 0 0 0 0 0 0 0 0 0
944 12000 -45 575 6 0 0 0 0 0 0 0 0 0 0 0
945 4900 223 -609 2 0 0 0 0 0 0 0 0 0 0 0
946 55000 629 119 9 0 0 1 0 0 2 93 0 0 0 0
947 13000 -196 -429 7 0 1 0 0 0 0 0 0 0 0 0
948 9400 -855 -966 1 0 1 0 0 0 0 0 0 0 0 0
949 27000 490 -68 6 0 1 1 0 0 2 79 0 0 1 0
950 16000 679 564 6 1 0 0 0 0 0 0 0 0 0 0
951 5600 663 -770 7 0 1 0 0 0 0 0 0 0 0 0
952 4000 -115 -480 3 0 0 0 0 0 0 0 0 0 0 0
953 3900 563 164 1 0 0 0 0 0 0 0 0 0 0 0
954 6300 161 -148 8 0 0 1 0 0 1 56 0 0 1 0
955 4500 -444 -310 0 0 0 0 0 0 0 0 0 0 0 0
956 42500 756 159 1 0 0 0 0 0 0 0 0 0 0 0
957 5100 -892 11 2 0 0 0 0 0 0 0 0 0 0 0
958 14500 614 -113 1 1 0 0 0 0 0 0 0 0 0 0
959 13500 -936 261 3 0 1 1 0 0 5 43 0 0 0 0
960 3800 949 349 7 0 1 0 0 0 0 0 0 0 0 0
961 15000 349 994 6 0 0 0 0 0 0 0 0 0 0 0
962 5500 -208 842 5 0 1 0 0 0 0 0 0 0 0 0
963 8400 978 230 2 0 1 0 0 0 0 0 0 0 0 0
964 6800 -379 673 7 2 1 0 0 0 0 0 0 0 0 0
965 8600 -384 -781 0 0 1 1 0 0 3 58 0 0 0 0
966 6300 -901 895 7 0 1 0 0 0 0 0 0 0 0 0
967 32500 -591 493 8 0 0 0 0 0 0 0 0 0 0 0
968 2800 288 805 3 0 0 0 0 0 0 0 0 0 0 0
969 14500 695 610 9 0 0 0 0 0 0 0 0 0 0 0
970 2800 232 368 2 0 1 0 0 0 0 0 0 0 0 0
971 3000 774 96 4 0 0 1 0 0 1 53 0 1 0 0
972 7800 31 121 4 0 1 0 0 0 0 0 0 0 0 0
973 4200 351 813 3 0 1 0 0 0 0 0 0 0 0 0
974 8200 -994 -214 9 2 0 0 0 0 0 0 0 0 0 0
975 5400 5 -584 1 0 1 0 0 0 0 0 0 0 0 0
976 6400 421 -930 5 0 0 0 0 0 0 0 0 0 0 0
977 10000 -337 -838 9 0 0 0 0 0 0 0 0 0 0 0
978 32500 251 -193 6 0 0 0 0 0 0 0 0 0 0 0
979 9200 -195 -565 3 0 1 0 0 0 0 0 0 0 0 0
980 8000 -848 148 0 0 0 0 0 0 0 0 0 0 0 0
981 12000 188 57 9 1 1 0 0 0 0 0 0 0 0 0
982 55000 -958 692 0 0 0 0 1 0 0 0 0 0 0 0
983 10600 -40 982 4 0 0 0 0 0 0 0 0 0 0 0
984 29000 -787 622 4 0 0 1 0 0 3 61 0 1 0 1
985 27000 594 -264 7 0 0 0 1 0 0 0 0 0 0 0
986 25000 311 -714 3 1 1 0 0 0 0 0 0 0 0 0
987 23000 543 -172 8 1 0 0 0 0 0 0 0 0 0 0
988 2400 -420 299 3 0 0 0 0 0 0 0 0 0 0 0
989 10800 -367 -306 4 0 0 0 0 0 0 0 0 0 0 0
990 6500 -161 221 4 0 1 0 0 0 0 0 0 0 0 0
991 19000 -341 838 0 1 0 0 0 0 0 0 0 0 0 0
992 7000 3 620 9 0 0 1 1 0 5 94 0 0 0 1
993 3100 249 -622 5 0 0 0 0 0 0 0 0 0 0 0
994 5100 285 -128 7 0 0 0 1 0 0 0 0 0 0 0
995 5500 691 606 8 0 1 0 0 0 0 0 0 0 0 0
996 11200 -498 -854 4 1 1 0 0 0 0 0 0 0 0 0
997 37500 840 517 1 0 1 0 0 0 0 0 0 0 0 0
998 6300 -707 -515 1 0 1 0 0 0 0 0 0 0 0 0
999 4200 586 -611 0 0 0 0 0 0 0 0 0 0 0 0
1000 52500 272 -853 8 0 0 0 0 0 0 0 0 0 0 0
