         0.001000         1.000000        0
         0.002000         1.000000        0
         0.003000         1.000000        0
         0.004000         1.000000        0
         0.005000         1.000000        0
         0.006000         1.000000        0
         0.007000         1.000000        0
         0.008000         1.000000        0
         0.009000         1.000000        0
         0.010000         1.000000        0
         0.011000         1.000000        0
         0.012000         1.000000        0
         0.013000         1.000000        0
         0.014000         1.000000        0
         0.015000         1.000000        0
         0.016000         1.000000        0
         0.017000         1.000000        0
         0.018000         1.000000        0
         0.019000         1.000000        0
         0.020000         1.000000        0
         0.021000         1.000000        0
         0.022000         1.000000        0
         0.023000         1.000000        0
         0.024000         1.000000        0
         0.025000         1.000000        0
         0.026000         1.000000        0
         0.027000         1.000000        0
         0.028000         1.000000        0
         0.029000         1.000000        0
         0.030000         1.000000        0
         0.031000         1.000000        0
         0.032000         1.000000        0
         0.033000         1.000000        0
         0.034000         1.000000        0
         0.035000         1.000000        0
         0.036000         1.000000        0
         0.037000         1.000000        0
         0.038000         1.000000        0
         0.039000         1.000000        0
         0.040000         1.000000        0
         0.041000         1.000000        0
         0.042000         1.000000        0
         0.043000         1.000000        0
         0.044000         1.000000        0
         0.045000         1.000000        0
         0.046000         1.000000        0
         0.047000         1.000000        0
         0.048000         1.000000        0
         0.049000         1.000000        0
         0.050000         1.000000        0
         0.051000         1.000000        0
         0.052000         1.000000        0
         0.053000         1.000000        0
         0.054000         1.000000        0
         0.055000         1.000000        0
         0.056000         1.000000        0
         0.057000         1.000000        0
         0.058000         1.000000        0
         0.059000         1.000000        0
         0.060000         1.000000        0
         0.061000         1.000000        0
         0.062000         1.000000        0
         0.063000         1.000000        0
         0.064000         1.000000        0
         0.065000         1.000000        0
         0.066000         1.000000        0
         0.067000         1.000000        0
         0.068000         1.000000        0
         0.069000         1.000000        0
         0.070000         1.000000        0
         0.071000         1.000000        0
         0.072000         1.000000        0
         0.073000         1.000000        0
         0.074000         1.000000        0
         0.075000         1.000000        0
         0.076000         1.000000        0
         0.077000         1.000000        0
         0.078000         1.000000        0
         0.079000         1.000000        0
         0.080000         1.000000        0
         0.081000         1.000000        0
         0.082000         1.000000        0
         0.083000         1.000000        0
         0.084000         1.000000        0
         0.085000         1.000000        0
         0.086000         1.000000        0
         0.087000         1.000000        0
         0.088000         1.000000        0
         0.089000         1.000000        0
         0.090000         1.000000        0
         0.091000         1.000000        0
         0.092000         1.000000        0
         0.093000         1.000000        0
         0.094000         1.000000        0
         0.095000         1.000000        0
         0.096000         1.000000        0
         0.097000         1.000000        0
         0.098000         1.000000        0
         0.099000         1.000000        0
         0.100000         1.000000        0
         0.101000         1.000000        0
         0.102000         1.000000        0
         0.103000         1.000000        0
         0.104000         1.000000        0
         0.105000         1.000000        0
         0.106000         1.000000        0
         0.107000         1.000000        0
         0.108000         1.000000        0
         0.109000         1.000000        0
         0.110000         1.000000        0
         0.111000         1.000000        0
         0.112000         1.000000        0
         0.113000         1.000000        0
         0.114000         1.000000        0
         0.115000         1.000000        0
         0.116000         1.000000        0
         0.117000         1.000000        0
         0.118000         1.000000        0
         0.119000         1.000000        0
         0.120000         1.000000        0
         0.121000         1.000000        0
         0.122000         1.000000        0
         0.123000         1.000000        0
         0.124000         1.000000        0
         0.125000         1.000000        0
         0.126000         1.000000        0
         0.127000         1.000000        0
         0.128000         1.000000        0
         0.129000         1.000000        0
         0.130000         1.000000        0
         0.131000         1.000000        0
         0.132000         1.000000        0
         0.133000         1.000000        0
         0.134000         1.000000        0
         0.135000         1.000000        0
         0.136000         1.000000        0
         0.137000         1.000000        0
         0.138000         1.000000        0
         0.139000         1.000000        0
         0.140000         1.000000        0
         0.141000         1.000000        0
         0.142000         1.000000        0
         0.143000         1.000000        0
         0.144000         1.000000        0
         0.145000         1.000000        0
         0.146000         1.000000        0
         0.147000         1.000000        0
         0.148000         1.000000        0
         0.149000         1.000000        0
         0.150000         1.000000        0
         0.151000         0.999999        0
         0.152000         0.999997        0
         0.153000         0.999992        0
         0.154000         0.999983        0
         0.155000         0.999970        0
         0.156000         0.999952        0
         0.157000         0.999928        0
         0.158000         0.999899        0
         0.159000         0.999862        0
         0.160000         0.999819        0
         0.161000         0.999768        0
         0.162000         0.999708        0
         0.163000         0.999640        0
         0.164000         0.999562        0
         0.165000         0.999474        0
         0.166000         0.999376        0
         0.167000         0.999266        0
         0.168000         0.999146        0
         0.169000         0.999013        0
         0.170000         0.998867        0
         0.171000         0.998709        0
         0.172000         0.998537        0
         0.173000         0.998352        0
         0.174000         0.998152        0
         0.175000         0.997937        0
         0.176000         0.997707        0
         0.177000         0.997462        0
         0.178000         0.997201        0
         0.179000         0.996923        0
         0.180000         0.996629        0
         0.181000         0.996317        0
         0.182000         0.995989        0
         0.183000         0.995642        0
         0.184000         0.995278        0
         0.185000         0.994896        0
         0.186000         0.994494        0
         0.187000         0.994075        0
         0.188000         0.993636        0
         0.189000         0.993178        0
         0.190000         0.992700        0
         0.191000         0.992203        0
         0.192000         0.991686        0
         0.193000         0.991149        0
         0.194000         0.990592        0
         0.195000         0.990016        0
         0.196000         0.989418        0
         0.197000         0.988801        0
         0.198000         0.988163        0
         0.199000         0.987505        0
         0.200000         0.986827        0
         0.201000         0.986129        0
         0.202000         0.985410        0
         0.203000         0.984671        0
         0.204000         0.983913        0
         0.205000         0.983134        0
         0.206000         0.982336        0
         0.207000         0.981519        0
         0.208000         0.980682        0
         0.209000         0.979826        0
         0.210000         0.978952        0
         0.211000         0.978059        0
         0.212000         0.977149        0
         0.213000         0.976221        0
         0.214000         0.975276        0
         0.215000         0.974314        0
         0.216000         0.973337        0
         0.217000         0.972345        0
         0.218000         0.971339        0
         0.219000         0.970320        0
         0.220000         0.969288        0
         0.221000         0.968247        0
         0.222000         0.967197        0
         0.223000         0.966138        0
         0.224000         0.965071        0
         0.225000         0.963996        0
         0.226000         0.962916        0
         0.227000         0.961829        0
         0.228000         0.960737        0
         0.229000         0.959640        0
         0.230000         0.958539        0
         0.231000         0.957435        0
         0.232000         0.956328        0
         0.233000         0.955218        0
         0.234000         0.954107        0
         0.235000         0.952995        0
         0.236000         0.951883        0
         0.237000         0.950771        0
         0.238000         0.949660        0
         0.239000         0.948550        0
         0.240000         0.947442        0
         0.241000         0.946336        0
         0.242000         0.945234        0
         0.243000         0.944136        0
         0.244000         0.943041        0
         0.245000         0.941952        0
         0.246000         0.940868        0
         0.247000         0.939789        0
         0.248000         0.938717        0
         0.249000         0.937652        0
         0.250000         0.936594        0
         0.251000         0.935545        0
         0.252000         0.934503        0
         0.253000         0.933471        0
         0.254000         0.932447        0
         0.255000         0.931434        0
         0.256000         0.930431        0
         0.257000         0.929438        0
         0.258000         0.928457        0
         0.259000         0.927487        0
         0.260000         0.926529        0
         0.261000         0.925583        0
         0.262000         0.924650        0
         0.263000         0.923731        0
         0.264000         0.922825        0
         0.265000         0.921932        0
         0.266000         0.921054        0
         0.267000         0.920191        0
         0.268000         0.919343        0
         0.269000         0.918510        0
         0.270000         0.917692        0
         0.271000         0.916890        0
         0.272000         0.916105        0
         0.273000         0.915336        0
         0.274000         0.914584        0
         0.275000         0.913849        0
         0.276000         0.913132        0
         0.277000         0.912432        0
         0.278000         0.911749        0
         0.279000         0.911085        0
         0.280000         0.910440        0
         0.281000         0.909813        0
         0.282000         0.909204        0
         0.283000         0.908615        0
         0.284000         0.908045        0
         0.285000         0.907494        0
         0.286000         0.906963        0
         0.287000         0.906451        0
         0.288000         0.905959        0
         0.289000         0.905488        0
         0.290000         0.905037        0
         0.291000         0.904606        0
         0.292000         0.904195        0
         0.293000         0.903806        0
         0.294000         0.903437        0
         0.295000         0.903088        0
         0.296000         0.902761        0
         0.297000         0.902455        0
         0.298000         0.902170        0
         0.299000         0.901907        0
         0.300000         0.901665        0
         0.301000         0.901444        0
         0.302000         0.901244        0
         0.303000         0.901067        0
         0.304000         0.900911        0
         0.305000         0.900776        0
         0.306000         0.900663        0
         0.307000         0.900572        0
         0.308000         0.900503        0
         0.309000         0.900455        0
         0.310000         0.900430        0
         0.311000         0.900426        0
         0.312000         0.900444        0
         0.313000         0.900483        0
         0.314000         0.900545        0
         0.315000         0.900628        0
         0.316000         0.900733        0
         0.317000         0.900859        0
         0.318000         0.901008        0
         0.319000         0.901178        0
         0.320000         0.901369        0
         0.321000         0.901582        0
         0.322000         0.901817        0
         0.323000         0.902073        0
         0.324000         0.902350        0
         0.325000         0.902648        0
         0.326000         0.902968        0
         0.327000         0.903308        0
         0.328000         0.903670        0
         0.329000         0.904052        0
         0.330000         0.904455        0
         0.331000         0.904879        0
         0.332000         0.905323        0
         0.333000         0.905787        0
         0.334000         0.906271        0
         0.335000         0.906776        0
         0.336000         0.907300        0
         0.337000         0.907843        0
         0.338000         0.908407        0
         0.339000         0.908989        0
         0.340000         0.909591        0
         0.341000         0.910211        0
         0.342000         0.910850        0
         0.343000         0.911508        0
         0.344000         0.912183        0
         0.345000         0.912877        0
         0.346000         0.913588        0
         0.347000         0.914317        0
         0.348000         0.915063        0
         0.349000         0.915826        0
         0.350000         0.916605        0
         0.351000         0.917401        0
         0.352000         0.918213        0
         0.353000         0.919040        0
         0.354000         0.919883        0
         0.355000         0.920741        0
         0.356000         0.921614        0
         0.357000         0.922501        0
         0.358000         0.923402        0
         0.359000         0.924317        0
         0.360000         0.925245        0
         0.361000         0.926186        0
         0.362000         0.927139        0
         0.363000         0.928105        0
         0.364000         0.929082        0
         0.365000         0.930071        0
         0.366000         0.931070        0
         0.367000         0.932080        0
         0.368000         0.933100        0
         0.369000         0.934129        0
         0.370000         0.935168        0
         0.371000         0.936214        0
         0.372000         0.937269        0
         0.373000         0.938332        0
         0.374000         0.939401        0
         0.375000         0.940477        0
         0.376000         0.941560        0
         0.377000         0.942647        0
         0.378000         0.943740        0
         0.379000         0.944837        0
         0.380000         0.945938        0
         0.381000         0.947042        0
         0.382000         0.948149        0
         0.383000         0.949259        0
         0.384000         0.950369        0
         0.385000         0.951481        0
         0.386000         0.952594        0
         0.387000         0.953706        0
         0.388000         0.954817        0
         0.389000         0.955927        0
         0.390000         0.957035        0
         0.391000         0.958141        0
         0.392000         0.959243        0
         0.393000         0.960341        0
         0.394000         0.961435        0
         0.395000         0.962524        0
         0.396000         0.963607        0
         0.397000         0.964684        0
         0.398000         0.965753        0
         0.399000         0.966815        0
         0.400000         0.967869        0
         0.401000         0.968913        0
         0.402000         0.969949        0
         0.403000         0.970972        0
         0.404000         0.971984        0
         0.405000         0.972981        0
         0.406000         0.973963        0
         0.407000         0.974930        0
         0.408000         0.975881        0
         0.409000         0.976815        0
         0.410000         0.977732        0
         0.411000         0.978631        0
         0.412000         0.979512        0
         0.413000         0.980375        0
         0.414000         0.981219        0
         0.415000         0.982043        0
         0.416000         0.982848        0
         0.417000         0.983634        0
         0.418000         0.984400        0
         0.419000         0.985146        0
         0.420000         0.985872        0
         0.421000         0.986577        0
         0.422000         0.987263        0
         0.423000         0.987928        0
         0.424000         0.988573        0
         0.425000         0.989198        0
         0.426000         0.989802        0
         0.427000         0.990386        0
         0.428000         0.990951        0
         0.429000         0.991495        0
         0.430000         0.992019        0
         0.431000         0.992523        0
         0.432000         0.993007        0
         0.433000         0.993473        0
         0.434000         0.993918        0
         0.435000         0.994345        0
         0.436000         0.994753        0
         0.437000         0.995142        0
         0.438000         0.995513        0
         0.439000         0.995866        0
         0.440000         0.996201        0
         0.441000         0.996518        0
         0.442000         0.996819        0
         0.443000         0.997102        0
         0.444000         0.997370        0
         0.445000         0.997621        0
         0.446000         0.997856        0
         0.447000         0.998076        0
         0.448000         0.998281        0
         0.449000         0.998472        0
         0.450000         0.998649        0
         0.451000         0.998812        0
         0.452000         0.998962        0
         0.453000         0.999099        0
         0.454000         0.999224        0
         0.455000         0.999338        0
         0.456000         0.999440        0
         0.457000         0.999531        0
         0.458000         0.999613        0
         0.459000         0.999685        0
         0.460000         0.999747        0
         0.461000         0.999802        0
         0.462000         0.999848        0
         0.463000         0.999886        0
         0.464000         0.999918        0
         0.465000         0.999944        0
         0.466000         0.999964        0
         0.467000         0.999978        0
         0.468000         0.999989        0
         0.469000         0.999995        0
         0.470000         0.999999        0
         0.471000         1.000000        0
         0.472000         1.000000        0
         0.473000         1.000000        0
         0.474000         1.000000        0
         0.475000         1.000000        0
         0.476000         1.000000        0
         0.477000         1.000000        0
         0.478000         1.000000        0
         0.479000         1.000000        0
         0.480000         1.000000        0
         0.481000         1.000000        0
         0.482000         1.000000        0
         0.483000         1.000000        0
         0.484000         1.000000        0
         0.485000         1.000000        0
         0.486000         1.000000        0
         0.487000         1.000000        0
         0.488000         1.000000        0
         0.489000         1.000000        0
         0.490000         1.000000        0
         0.491000         1.000000        0
         0.492000         1.000000        0
         0.493000         1.000000        0
         0.494000         1.000000        0
         0.495000         1.000000        0
         0.496000         1.000000        0
         0.497000         1.000000        0
         0.498000         1.000000        0
         0.499000         1.000000        0
         0.500000         1.000000        0
         0.501000         1.000000        0
         0.502000         1.000000        0
         0.503000         1.000000        0
         0.504000         1.000000        0
         0.505000         1.000000        0
         0.506000         1.000000        0
         0.507000         1.000000        0
         0.508000         1.000000        0
         0.509000         1.000000        0
         0.510000         1.000000        0
         0.511000         1.000000        0
         0.512000         1.000000        0
         0.513000         1.000000        0
         0.514000         1.000000        0
         0.515000         1.000000        0
         0.516000         1.000000        0
         0.517000         1.000000        0
         0.518000         1.000000        0
         0.519000         1.000000        0
         0.520000         1.000000        0
         0.521000         1.000000        0
         0.522000         1.000000        0
         0.523000         1.000000        0
         0.524000         1.000000        0
         0.525000         1.000000        0
         0.526000         1.000000        0
         0.527000         1.000000        0
         0.528000         1.000000        0
         0.529000         1.000000        0
         0.530000         1.000000        0
         0.531000         1.000000        0
         0.532000         1.000000        0
         0.533000         1.000000        0
         0.534000         1.000000        0
         0.535000         1.000000        0
         0.536000         1.000000        0
         0.537000         1.000000        0
         0.538000         1.000000        0
         0.539000         1.000000        0
         0.540000         1.000000        0
         0.541000         1.000000        0
         0.542000         1.000000        0
         0.543000         1.000000        0
         0.544000         1.000000        0
         0.545000         1.000000        0
         0.546000         1.000000        0
         0.547000         1.000000        0
         0.548000         1.000000        0
         0.549000         1.000000        0
         0.550000         1.000000        0
         0.551000         1.000000        0
         0.552000         1.000000        0
         0.553000         1.000000        0
         0.554000         1.000000        0
         0.555000         1.000000        0
         0.556000         1.000000        0
         0.557000         1.000000        0
         0.558000         1.000000        0
         0.559000         1.000000        0
         0.560000         1.000000        0
         0.561000         1.000000        0
         0.562000         1.000000        0
         0.563000         1.000000        0
         0.564000         1.000000        0
         0.565000         1.000000        0
         0.566000         1.000000        0
         0.567000         1.000000        0
         0.568000         1.000000        0
         0.569000         1.000000        0
         0.570000         1.000000        0
         0.571000         1.000000        0
         0.572000         1.000000        0
         0.573000         1.000000        0
         0.574000         1.000000        0
         0.575000         1.000000        0
         0.576000         1.000000        0
         0.577000         1.000000        0
         0.578000         1.000000        0
         0.579000         1.000000        0
         0.580000         1.000000        0
         0.581000         1.000000        0
         0.582000         1.000000        0
         0.583000         1.000000        0
         0.584000         1.000000        0
         0.585000         1.000000        0
         0.586000         1.000000        0
         0.587000         1.000000        0
         0.588000         1.000000        0
         0.589000         1.000000        0
         0.590000         1.000000        0
         0.591000         1.000000        0
         0.592000         1.000000        0
         0.593000         1.000000        0
         0.594000         1.000000        0
         0.595000         1.000000        0
         0.596000         1.000000        0
         0.597000         1.000000        0
         0.598000         1.000000        0
         0.599000         1.000000        0
         0.600000         1.000000        0
         0.601000         1.000000        0
         0.602000         1.000000        0
         0.603000         1.000000        0
         0.604000         1.000000        0
         0.605000         1.000000        0
         0.606000         1.000000        0
         0.607000         1.000000        0
         0.608000         1.000000        0
         0.609000         1.000000        0
         0.610000         1.000000        0
         0.611000         1.000000        0
         0.612000         1.000000        0
         0.613000         1.000000        0
         0.614000         1.000000        0
         0.615000         1.000000        0
         0.616000         1.000000        0
         0.617000         1.000000        0
         0.618000         1.000000        0
         0.619000         1.000000        0
         0.620000         1.000000        0
         0.621000         1.000000        0
         0.622000         1.000000        0
         0.623000         1.000000        0
         0.624000         1.000000        0
         0.625000         1.000000        0
         0.626000         1.000000        0
         0.627000         1.000000        0
         0.628000         1.000000        0
         0.629000         1.000000        0
         0.630000         1.000000        0
         0.631000         1.000000        0
         0.632000         1.000000        0
         0.633000         1.000000        0
         0.634000         1.000000        0
         0.635000         1.000000        0
         0.636000         1.000000        0
         0.637000         1.000000        0
         0.638000         1.000000        0
         0.639000         1.000000        0
         0.640000         1.000000        0
         0.641000         1.000000        0
         0.642000         1.000000        0
         0.643000         1.000000        0
         0.644000         1.000000        0
         0.645000         1.000000        0
         0.646000         1.000000        0
         0.647000         1.000000        0
         0.648000         1.000000        0
         0.649000         1.000000        0
         0.650000         1.000000        0
         0.651000         0.999999        0
         0.652000         0.999997        0
         0.653000         0.999992        0
         0.654000         0.999983        0
         0.655000         0.999970        0
         0.656000         0.999952        0
         0.657000         0.999928        0
         0.658000         0.999899        0
         0.659000         0.999862        0
         0.660000         0.999819        0
         0.661000         0.999768        0
         0.662000         0.999708        0
         0.663000         0.999640        0
         0.664000         0.999562        0
         0.665000         0.999474        0
         0.666000         0.999376        0
         0.667000         0.999266        0
         0.668000         0.999146        0
         0.669000         0.999013        0
         0.670000         0.998867        0
         0.671000         0.998709        0
         0.672000         0.998537        0
         0.673000         0.998352        0
         0.674000         0.998152        0
         0.675000         0.997937        0
         0.676000         0.997707        0
         0.677000         0.997462        0
         0.678000         0.997201        0
         0.679000         0.996923        0
         0.680000         0.996629        0
         0.681000         0.996317        0
         0.682000         0.995989        0
         0.683000         0.995642        0
         0.684000         0.995278        0
         0.685000         0.994896        0
         0.686000         0.994494        0
         0.687000         0.994075        0
         0.688000         0.993636        0
         0.689000         0.993178        0
         0.690000         0.992700        0
         0.691000         0.992203        0
         0.692000         0.991686        0
         0.693000         0.991149        0
         0.694000         0.990592        0
         0.695000         0.990016        0
         0.696000         0.989418        0
         0.697000         0.988801        0
         0.698000         0.988163        0
         0.699000         0.987505        0
         0.700000         0.986827        0
         0.701000         0.986129        0
         0.702000         0.985410        0
         0.703000         0.984671        0
         0.704000         0.983913        0
         0.705000         0.983134        0
         0.706000         0.982336        0
         0.707000         0.981519        0
         0.708000         0.980682        0
         0.709000         0.979826        0
         0.710000         0.978952        0
         0.711000         0.978059        0
         0.712000         0.977149        0
         0.713000         0.976221        0
         0.714000         0.975276        0
         0.715000         0.974314        0
         0.716000         0.973337        0
         0.717000         0.972345        0
         0.718000         0.971339        0
         0.719000         0.970320        0
         0.720000         0.969288        0
         0.721000         0.968247        0
         0.722000         0.967197        0
         0.723000         0.966138        0
         0.724000         0.965071        0
         0.725000         0.963996        0
         0.726000         0.962916        0
         0.727000         0.961829        0
         0.728000         0.960737        0
         0.729000         0.959640        0
         0.730000         0.958539        0
         0.731000         0.957435        0
         0.732000         0.956328        0
         0.733000         0.955218        0
         0.734000         0.954107        0
         0.735000         0.952995        0
         0.736000         0.951883        0
         0.737000         0.950771        0
         0.738000         0.949660        0
         0.739000         0.948550        0
         0.740000         0.947442        0
         0.741000         0.946336        0
         0.742000         0.945234        0
         0.743000         0.944136        0
         0.744000         0.943041        0
         0.745000         0.941952        0
         0.746000         0.940868        0
         0.747000         0.939789        0
         0.748000         0.938717        0
         0.749000         0.937652        0
         0.750000         0.936594        0
         0.751000         0.935545        0
         0.752000         0.934503        0
         0.753000         0.933471        0
         0.754000         0.932447        0
         0.755000         0.931434        0
         0.756000         0.930431        0
         0.757000         0.929438        0
         0.758000         0.928457        0
         0.759000         0.927487        0
         0.760000         0.926529        0
         0.761000         0.925583        0
         0.762000         0.924650        0
         0.763000         0.923731        0
         0.764000         0.922825        0
         0.765000         0.921932        0
         0.766000         0.921054        0
         0.767000         0.920191        0
         0.768000         0.919343        0
         0.769000         0.918510        0
         0.770000         0.917692        0
         0.771000         0.916890        0
         0.772000         0.916105        0
         0.773000         0.915336        0
         0.774000         0.914584        0
         0.775000         0.913849        0
         0.776000         0.913132        0
         0.777000         0.912432        0
         0.778000         0.911749        0
         0.779000         0.911085        0
         0.780000         0.910440        0
         0.781000         0.909813        0
         0.782000         0.909204        0
         0.783000         0.908615        0
         0.784000         0.908045        0
         0.785000         0.907494        0
         0.786000         0.906963        0
         0.787000         0.906451        0
         0.788000         0.905959        0
         0.789000         0.905488        0
         0.790000         0.905037        0
         0.791000         0.904606        0
         0.792000         0.904195        0
         0.793000         0.903806        0
         0.794000         0.903437        0
         0.795000         0.903088        0
         0.796000         0.902761        0
         0.797000         0.902455        0
         0.798000         0.902170        0
         0.799000         0.901907        0
         0.800000         0.901665        0
         0.801000         0.901444        0
         0.802000         0.901244        0
         0.803000         0.901067        0
         0.804000         0.900911        0
         0.805000         0.900776        0
         0.806000         0.900663        0
         0.807000         0.900572        0
         0.808000         0.900503        0
         0.809000         0.900455        0
         0.810000         0.900430        0
         0.811000         0.900426        0
         0.812000         0.900444        0
         0.813000         0.900483        0
         0.814000         0.900545        0
         0.815000         0.900628        0
         0.816000         0.900733        0
         0.817000         0.900859        0
         0.818000         0.901008        0
         0.819000         0.901178        0
         0.820000         0.901369        0
         0.821000         0.901582        0
         0.822000         0.901817        0
         0.823000         0.902073        0
         0.824000         0.902350        0
         0.825000         0.902648        0
         0.826000         0.902968        0
         0.827000         0.903308        0
         0.828000         0.903670        0
         0.829000         0.904052        0
         0.830000         0.904455        0
         0.831000         0.904879        0
         0.832000         0.905323        0
         0.833000         0.905787        0
         0.834000         0.906271        0
         0.835000         0.906776        0
         0.836000         0.907300        0
         0.837000         0.907843        0
         0.838000         0.908407        0
         0.839000         0.908989        0
         0.840000         0.909591        0
         0.841000         0.910211        0
         0.842000         0.910850        0
         0.843000         0.911508        0
         0.844000         0.912183        0
         0.845000         0.912877        0
         0.846000         0.913588        0
         0.847000         0.914317        0
         0.848000         0.915063        0
         0.849000         0.915826        0
         0.850000         0.916605        0
         0.851000         0.917401        0
         0.852000         0.918213        0
         0.853000         0.919040        0
         0.854000         0.919883        0
         0.855000         0.920741        0
         0.856000         0.921614        0
         0.857000         0.922501        0
         0.858000         0.923402        0
         0.859000         0.924317        0
         0.860000         0.925245        0
         0.861000         0.926186        0
         0.862000         0.927139        0
         0.863000         0.928105        0
         0.864000         0.929082        0
         0.865000         0.930071        0
         0.866000         0.931070        0
         0.867000         0.932080        0
         0.868000         0.933100        0
         0.869000         0.934129        0
         0.870000         0.935168        0
         0.871000         0.936214        0
         0.872000         0.937269        0
         0.873000         0.938332        0
         0.874000         0.939401        0
         0.875000         0.940477        0
         0.876000         0.941560        0
         0.877000         0.942647        0
         0.878000         0.943740        0
         0.879000         0.944837        0
         0.880000         0.945938        0
         0.881000         0.947042        0
         0.882000         0.948149        0
         0.883000         0.949259        0
         0.884000         0.950369        0
         0.885000         0.951481        0
         0.886000         0.952594        0
         0.887000         0.953706        0
         0.888000         0.954817        0
         0.889000         0.955927        0
         0.890000         0.957035        0
         0.891000         0.958141        0
         0.892000         0.959243        0
         0.893000         0.960341        0
         0.894000         0.961435        0
         0.895000         0.962524        0
         0.896000         0.963607        0
         0.897000         0.964684        0
         0.898000         0.965753        0
         0.899000         0.966815        0
         0.900000         0.967869        0
         0.901000         0.968913        0
         0.902000         0.969949        0
         0.903000         0.970972        0
         0.904000         0.971984        0
         0.905000         0.972981        0
         0.906000         0.973963        0
         0.907000         0.974930        0
         0.908000         0.975881        0
         0.909000         0.976815        0
         0.910000         0.977732        0
         0.911000         0.978631        0
         0.912000         0.979512        0
         0.913000         0.980375        0
         0.914000         0.981219        0
         0.915000         0.982043        0
         0.916000         0.982848        0
         0.917000         0.983634        0
         0.918000         0.984400        0
         0.919000         0.985146        0
         0.920000         0.985872        0
         0.921000         0.986577        0
         0.922000         0.987263        0
         0.923000         0.987928        0
         0.924000         0.988573        0
         0.925000         0.989198        0
         0.926000         0.989802        0
         0.927000         0.990386        0
         0.928000         0.990951        0
         0.929000         0.991495        0
         0.930000         0.992019        0
         0.931000         0.992523        0
         0.932000         0.993007        0
         0.933000         0.993473        0
         0.934000         0.993918        0
         0.935000         0.994345        0
         0.936000         0.994753        0
         0.937000         0.995142        0
         0.938000         0.995513        0
         0.939000         0.995866        0
         0.940000         0.996201        0
         0.941000         0.996518        0
         0.942000         0.996819        0
         0.943000         0.997102        0
         0.944000         0.997370        0
         0.945000         0.997621        0
         0.946000         0.997856        0
         0.947000         0.998076        0
         0.948000         0.998281        0
         0.949000         0.998472        0
         0.950000         0.998649        0
         0.951000         0.998812        0
         0.952000         0.998962        0
         0.953000         0.999099        0
         0.954000         0.999224        0
         0.955000         0.999338        0
         0.956000         0.999440        0
         0.957000         0.999531        0
         0.958000         0.999613        0
         0.959000         0.999685        0
         0.960000         0.999747        0
         0.961000         0.999802        0
         0.962000         0.999848        0
         0.963000         0.999886        0
         0.964000         0.999918        0
         0.965000         0.999944        0
         0.966000         0.999964        0
         0.967000         0.999978        0
         0.968000         0.999989        0
         0.969000         0.999995        0
         0.970000         0.999999        0
         0.971000         1.000000        0
         0.972000         1.000000        0
         0.973000         1.000000        0
         0.974000         1.000000        0
         0.975000         1.000000        0
         0.976000         1.000000        0
         0.977000         1.000000        0
         0.978000         1.000000        0
         0.979000         1.000000        0
         0.980000         1.000000        0
         0.981000         1.000000        0
         0.982000         1.000000        0
         0.983000         1.000000        0
         0.984000         1.000000        0
         0.985000         1.000000        0
         0.986000         1.000000        0
         0.987000         1.000000        0
         0.988000         1.000000        0
         0.989000         1.000000        0
         0.990000         1.000000        0
         0.991000         1.000000        0
         0.992000         1.000000        0
         0.993000         1.000000        0
         0.994000         1.000000        0
         0.995000         1.000000        0
         0.996000         1.000000        0
         0.997000         1.000000        0
         0.998000         1.000000        0
         0.999000         1.000000        0
         1.000000         1.000000        0
         1.001000         1.000000        0
