         0.001000         1.000000        0
         0.002000         1.000000        0
         0.003000         1.000000        0
         0.004000         1.000000        0
         0.005000         1.000000        0
         0.006000         1.000000        0
         0.007000         1.000000        0
         0.008000         1.000000        0
         0.009000         1.000000        0
         0.010000         1.000000        0
         0.011000         1.000000        0
         0.012000         1.000000        0
         0.013000         1.000000        0
         0.014000         1.000000        0
         0.015000         1.000000        0
         0.016000         1.000000        0
         0.017000         1.000000        0
         0.018000         1.000000        0
         0.019000         1.000000        0
         0.020000         1.000000        0
         0.021000         1.000000        0
         0.022000         1.000000        0
         0.023000         1.000000        0
         0.024000         1.000000        0
         0.025000         1.000000        0
         0.026000         1.000000        0
         0.027000         1.000000        0
         0.028000         1.000000        0
         0.029000         1.000000        0
         0.030000         1.000000        0
         0.031000         1.000000        0
         0.032000         1.000000        0
         0.033000         1.000000        0
         0.034000         1.000000        0
         0.035000         1.000000        0
         0.036000         1.000000        0
         0.037000         1.000000        0
         0.038000         1.000000        0
         0.039000         1.000000        0
         0.040000         1.000000        0
         0.041000         1.000000        0
         0.042000         1.000000        0
         0.043000         1.000000        0
         0.044000         0.999999        0
         0.045000         0.999997        0
         0.046000         0.999992        0
         0.047000         0.999985        0
         0.048000         0.999974        0
         0.049000         0.999959        0
         0.050000         0.999940        0
         0.051000         0.999916        0
         0.052000         0.999886        0
         0.053000         0.999851        0
         0.054000         0.999810        0
         0.055000         0.999761        0
         0.056000         0.999706        0
         0.057000         0.999642        0
         0.058000         0.999571        0
         0.059000         0.999491        0
         0.060000         0.999401        0
         0.061000         0.999302        0
         0.062000         0.999193        0
         0.063000         0.999073        0
         0.064000         0.998942        0
         0.065000         0.998800        0
         0.066000         0.998645        0
         0.067000         0.998478        0
         0.068000         0.998298        0
         0.069000         0.998105        0
         0.070000         0.997898        0
         0.071000         0.997677        0
         0.072000         0.997441        0
         0.073000         0.997190        0
         0.074000         0.996924        0
         0.075000         0.996641        0
         0.076000         0.996343        0
         0.077000         0.996028        0
         0.078000         0.995695        0
         0.079000         0.995346        0
         0.080000         0.994978        0
         0.081000         0.994593        0
         0.082000         0.994189        0
         0.083000         0.993766        0
         0.084000         0.993324        0
         0.085000         0.992863        0
         0.086000         0.992383        0
         0.087000         0.991882        0
         0.088000         0.991362        0
         0.089000         0.990821        0
         0.090000         0.990259        0
         0.091000         0.989677        0
         0.092000         0.989074        0
         0.093000         0.988450        0
         0.094000         0.987805        0
         0.095000         0.987139        0
         0.096000         0.986451        0
         0.097000         0.985741        0
         0.098000         0.985010        0
         0.099000         0.984258        0
         0.100000         0.983484        0
         0.101000         0.982688        0
         0.102000         0.981871        0
         0.103000         0.981032        0
         0.104000         0.980171        0
         0.105000         0.979290        0
         0.106000         0.978387        0
         0.107000         0.977463        0
         0.108000         0.976517        0
         0.109000         0.975552        0
         0.110000         0.974565        0
         0.111000         0.973559        0
         0.112000         0.972532        0
         0.113000         0.971485        0
         0.114000         0.970420        0
         0.115000         0.969335        0
         0.116000         0.968231        0
         0.117000         0.967110        0
         0.118000         0.965970        0
         0.119000         0.964814        0
         0.120000         0.963641        0
         0.121000         0.962452        0
         0.122000         0.961247        0
         0.123000         0.960028        0
         0.124000         0.958795        0
         0.125000         0.957549        0
         0.126000         0.956291        0
         0.127000         0.955023        0
         0.128000         0.953745        0
         0.129000         0.952460        0
         0.130000         0.951167        0
         0.131000         0.949868        0
         0.132000         0.948564        0
         0.133000         0.947254        0
         0.134000         0.945940        0
         0.135000         0.944621        0
         0.136000         0.943300        0
         0.137000         0.941976        0
         0.138000         0.940651        0
         0.139000         0.939324        0
         0.140000         0.937997        0
         0.141000         0.936670        0
         0.142000         0.935344        0
         0.143000         0.934019        0
         0.144000         0.932696        0
         0.145000         0.931376        0
         0.146000         0.930060        0
         0.147000         0.928747        0
         0.148000         0.927439        0
         0.149000         0.926136        0
         0.150000         0.924838        0
         0.151000         0.923548        0
         0.152000         0.922264        0
         0.153000         0.920987        0
         0.154000         0.919719        0
         0.155000         0.918460        0
         0.156000         0.917210        0
         0.157000         0.915969        0
         0.158000         0.914739        0
         0.159000         0.913520        0
         0.160000         0.912312        0
         0.161000         0.911116        0
         0.162000         0.909933        0
         0.163000         0.908762        0
         0.164000         0.907605        0
         0.165000         0.906462        0
         0.166000         0.905333        0
         0.167000         0.904220        0
         0.168000         0.903121        0
         0.169000         0.902038        0
         0.170000         0.900972        0
         0.171000         0.899922        0
         0.172000         0.898889        0
         0.173000         0.897874        0
         0.174000         0.896876        0
         0.175000         0.895897        0
         0.176000         0.894937        0
         0.177000         0.893995        0
         0.178000         0.893073        0
         0.179000         0.892171        0
         0.180000         0.891288        0
         0.181000         0.890426        0
         0.182000         0.889585        0
         0.183000         0.888765        0
         0.184000         0.887966        0
         0.185000         0.887189        0
         0.186000         0.886434        0
         0.187000         0.885701        0
         0.188000         0.884991        0
         0.189000         0.884303        0
         0.190000         0.883638        0
         0.191000         0.882997        0
         0.192000         0.882379        0
         0.193000         0.881785        0
         0.194000         0.881214        0
         0.195000         0.880668        0
         0.196000         0.880146        0
         0.197000         0.879648        0
         0.198000         0.879175        0
         0.199000         0.878727        0
         0.200000         0.878304        0
         0.201000         0.877906        0
         0.202000         0.877533        0
         0.203000         0.877185        0
         0.204000         0.876863        0
         0.205000         0.876567        0
         0.206000         0.876296        0
         0.207000         0.876051        0
         0.208000         0.875832        0
         0.209000         0.875639        0
         0.210000         0.875472        0
         0.211000         0.875331        0
         0.212000         0.875216        0
         0.213000         0.875127        0
         0.214000         0.875064        0
         0.215000         0.875028        0
         0.216000         0.875018        0
         0.217000         0.875034        0
         0.218000         0.875076        0
         0.219000         0.875144        0
         0.220000         0.875239        0
         0.221000         0.875360        0
         0.222000         0.875507        0
         0.223000         0.875679        0
         0.224000         0.875878        0
         0.225000         0.876103        0
         0.226000         0.876354        0
         0.227000         0.876630        0
         0.228000         0.876932        0
         0.229000         0.877260        0
         0.230000         0.877613        0
         0.231000         0.877992        0
         0.232000         0.878396        0
         0.233000         0.878824        0
         0.234000         0.879278        0
         0.235000         0.879757        0
         0.236000         0.880260        0
         0.237000         0.880787        0
         0.238000         0.881339        0
         0.239000         0.881915        0
         0.240000         0.882514        0
         0.241000         0.883137        0
         0.242000         0.883784        0
         0.243000         0.884454        0
         0.244000         0.885147        0
         0.245000         0.885862        0
         0.246000         0.886600        0
         0.247000         0.887360        0
         0.248000         0.888142        0
         0.249000         0.888946        0
         0.250000         0.889770        0
         0.251000         0.890616        0
         0.252000         0.891483        0
         0.253000         0.892369        0
         0.254000         0.893276        0
         0.255000         0.894203        0
         0.256000         0.895148        0
         0.257000         0.896113        0
         0.258000         0.897097        0
         0.259000         0.898098        0
         0.260000         0.899117        0
         0.261000         0.900154        0
         0.262000         0.901207        0
         0.263000         0.902278        0
         0.264000         0.903364        0
         0.265000         0.904466        0
         0.266000         0.905583        0
         0.267000         0.906715        0
         0.268000         0.907861        0
         0.269000         0.909021        0
         0.270000         0.910195        0
         0.271000         0.911381        0
         0.272000         0.912579        0
         0.273000         0.913790        0
         0.274000         0.915011        0
         0.275000         0.916244        0
         0.276000         0.917487        0
         0.277000         0.918739        0
         0.278000         0.920000        0
         0.279000         0.921270        0
         0.280000         0.922548        0
         0.281000         0.923834        0
         0.282000         0.925126        0
         0.283000         0.926425        0
         0.284000         0.927729        0
         0.285000         0.929038        0
         0.286000         0.930352        0
         0.287000         0.931669        0
         0.288000         0.932990        0
         0.289000         0.934313        0
         0.290000         0.935638        0
         0.291000         0.936965        0
         0.292000         0.938292        0
         0.293000         0.939619        0
         0.294000         0.940946        0
         0.295000         0.942271        0
         0.296000         0.943594        0
         0.297000         0.944915        0
         0.298000         0.946232        0
         0.299000         0.947545        0
         0.300000         0.948854        0
         0.301000         0.950158        0
         0.302000         0.951455        0
         0.303000         0.952746        0
         0.304000         0.954030        0
         0.305000         0.955306        0
         0.306000         0.956572        0
         0.307000         0.957827        0
         0.308000         0.959070        0
         0.309000         0.960300        0
         0.310000         0.961516        0
         0.311000         0.962717        0
         0.312000         0.963903        0
         0.313000         0.965072        0
         0.314000         0.966225        0
         0.315000         0.967361        0
         0.316000         0.968478        0
         0.317000         0.969577        0
         0.318000         0.970658        0
         0.319000         0.971720        0
         0.320000         0.972762        0
         0.321000         0.973784        0
         0.322000         0.974786        0
         0.323000         0.975768        0
         0.324000         0.976729        0
         0.325000         0.977670        0
         0.326000         0.978589        0
         0.327000         0.979487        0
         0.328000         0.980364        0
         0.329000         0.981220        0
         0.330000         0.982054        0
         0.331000         0.982867        0
         0.332000         0.983658        0
         0.333000         0.984427        0
         0.334000         0.985175        0
         0.335000         0.985901        0
         0.336000         0.986606        0
         0.337000         0.987289        0
         0.338000         0.987950        0
         0.339000         0.988591        0
         0.340000         0.989210        0
         0.341000         0.989809        0
         0.342000         0.990386        0
         0.343000         0.990943        0
         0.344000         0.991479        0
         0.345000         0.991995        0
         0.346000         0.992491        0
         0.347000         0.992967        0
         0.348000         0.993424        0
         0.349000         0.993862        0
         0.350000         0.994280        0
         0.351000         0.994680        0
         0.352000         0.995061        0
         0.353000         0.995425        0
         0.354000         0.995771        0
         0.355000         0.996099        0
         0.356000         0.996411        0
         0.357000         0.996706        0
         0.358000         0.996984        0
         0.359000         0.997247        0
         0.360000         0.997495        0
         0.361000         0.997727        0
         0.362000         0.997945        0
         0.363000         0.998149        0
         0.364000         0.998339        0
         0.365000         0.998516        0
         0.366000         0.998680        0
         0.367000         0.998832        0
         0.368000         0.998972        0
         0.369000         0.999100        0
         0.370000         0.999218        0
         0.371000         0.999325        0
         0.372000         0.999422        0
         0.373000         0.999509        0
         0.374000         0.999587        0
         0.375000         0.999657        0
         0.376000         0.999719        0
         0.377000         0.999773        0
         0.378000         0.999819        0
         0.379000         0.999859        0
         0.380000         0.999893        0
         0.381000         0.999921        0
         0.382000         0.999944        0
         0.383000         0.999962        0
         0.384000         0.999976        0
         0.385000         0.999987        0
         0.386000         0.999993        0
         0.387000         0.999998        0
         0.388000         1.000000        0
         0.389000         1.000000        0
         0.390000         1.000000        0
         0.391000         1.000000        0
         0.392000         1.000000        0
         0.393000         1.000000        0
         0.394000         1.000000        0
         0.395000         1.000000        0
         0.396000         1.000000        0
         0.397000         1.000000        0
         0.398000         1.000000        0
         0.399000         1.000000        0
         0.400000         1.000000        0
         0.401000         1.000000        0
         0.402000         1.000000        0
         0.403000         1.000000        0
         0.404000         1.000000        0
         0.405000         1.000000        0
         0.406000         1.000000        0
         0.407000         1.000000        0
         0.408000         1.000000        0
         0.409000         1.000000        0
         0.410000         1.000000        0
         0.411000         1.000000        0
         0.412000         1.000000        0
         0.413000         1.000000        0
         0.414000         1.000000        0
         0.415000         1.000000        0
         0.416000         1.000000        0
         0.417000         1.000000        0
         0.418000         1.000000        0
         0.419000         1.000000        0
         0.420000         1.000000        0
         0.421000         1.000000        0
         0.422000         1.000000        0
         0.423000         1.000000        0
         0.424000         1.000000        0
         0.425000         1.000000        0
         0.426000         1.000000        0
         0.427000         1.000000        0
         0.428000         1.000000        0
         0.429000         1.000000        0
         0.430000         1.000000        0
         0.431000         1.000000        0
         0.432000         1.000000        0
         0.433000         1.000000        0
         0.434000         1.000000        0
         0.435000         1.000000        0
         0.436000         1.000000        0
         0.437000         1.000000        0
         0.438000         1.000000        0
         0.439000         1.000000        0
         0.440000         1.000000        0
         0.441000         1.000000        0
         0.442000         1.000000        0
         0.443000         1.000000        0
         0.444000         1.000000        0
         0.445000         1.000000        0
         0.446000         1.000000        0
         0.447000         1.000000        0
         0.448000         1.000000        0
         0.449000         1.000000        0
         0.450000         1.000000        0
         0.451000         1.000000        0
         0.452000         1.000000        0
         0.453000         1.000000        0
         0.454000         1.000000        0
         0.455000         1.000000        0
         0.456000         1.000000        0
         0.457000         1.000000        0
         0.458000         1.000000        0
         0.459000         1.000000        0
         0.460000         1.000000        0
         0.461000         1.000000        0
         0.462000         1.000000        0
         0.463000         1.000000        0
         0.464000         1.000000        0
         0.465000         1.000000        0
         0.466000         1.000000        0
         0.467000         1.000000        0
         0.468000         1.000000        0
         0.469000         1.000000        0
         0.470000         1.000000        0
         0.471000         1.000000        0
         0.472000         1.000000        0
         0.473000         1.000000        0
         0.474000         1.000000        0
         0.475000         1.000000        0
         0.476000         1.000000        0
         0.477000         1.000000        0
         0.478000         1.000000        0
         0.479000         1.000000        0
         0.480000         1.000000        0
         0.481000         1.000000        0
         0.482000         1.000000        0
         0.483000         1.000000        0
         0.484000         1.000000        0
         0.485000         1.000000        0
         0.486000         1.000000        0
         0.487000         1.000000        0
         0.488000         1.000000        0
         0.489000         1.000000        0
         0.490000         1.000000        0
         0.491000         1.000000        0
         0.492000         1.000000        0
         0.493000         1.000000        0
         0.494000         1.000000        0
         0.495000         1.000000        0
         0.496000         1.000000        0
         0.497000         1.000000        0
         0.498000         1.000000        0
         0.499000         1.000000        0
         0.500000         1.000000        0
         0.501000         1.000000        0
         0.502000         1.000000        0
         0.503000         1.000000        0
         0.504000         1.000000        0
         0.505000         1.000000        0
         0.506000         1.000000        0
         0.507000         1.000000        0
         0.508000         1.000000        0
         0.509000         1.000000        0
         0.510000         1.000000        0
         0.511000         1.000000        0
         0.512000         1.000000        0
         0.513000         1.000000        0
         0.514000         1.000000        0
         0.515000         1.000000        0
         0.516000         1.000000        0
         0.517000         1.000000        0
         0.518000         1.000000        0
         0.519000         1.000000        0
         0.520000         1.000000        0
         0.521000         1.000000        0
         0.522000         1.000000        0
         0.523000         1.000000        0
         0.524000         1.000000        0
         0.525000         1.000000        0
         0.526000         1.000000        0
         0.527000         1.000000        0
         0.528000         1.000000        0
         0.529000         1.000000        0
         0.530000         1.000000        0
         0.531000         1.000000        0
         0.532000         1.000000        0
         0.533000         1.000000        0
         0.534000         1.000000        0
         0.535000         1.000000        0
         0.536000         1.000000        0
         0.537000         1.000000        0
         0.538000         1.000000        0
         0.539000         1.000000        0
         0.540000         1.000000        0
         0.541000         1.000000        0
         0.542000         1.000000        0
         0.543000         1.000000        0
         0.544000         0.999999        0
         0.545000         0.999997        0
         0.546000         0.999992        0
         0.547000         0.999985        0
         0.548000         0.999974        0
         0.549000         0.999959        0
         0.550000         0.999940        0
         0.551000         0.999916        0
         0.552000         0.999886        0
         0.553000         0.999851        0
         0.554000         0.999810        0
         0.555000         0.999761        0
         0.556000         0.999706        0
         0.557000         0.999642        0
         0.558000         0.999571        0
         0.559000         0.999491        0
         0.560000         0.999401        0
         0.561000         0.999302        0
         0.562000         0.999193        0
         0.563000         0.999073        0
         0.564000         0.998942        0
         0.565000         0.998800        0
         0.566000         0.998645        0
         0.567000         0.998478        0
         0.568000         0.998298        0
         0.569000         0.998105        0
         0.570000         0.997898        0
         0.571000         0.997677        0
         0.572000         0.997441        0
         0.573000         0.997190        0
         0.574000         0.996924        0
         0.575000         0.996641        0
         0.576000         0.996343        0
         0.577000         0.996028        0
         0.578000         0.995695        0
         0.579000         0.995346        0
         0.580000         0.994978        0
         0.581000         0.994593        0
         0.582000         0.994189        0
         0.583000         0.993766        0
         0.584000         0.993324        0
         0.585000         0.992863        0
         0.586000         0.992383        0
         0.587000         0.991882        0
         0.588000         0.991362        0
         0.589000         0.990821        0
         0.590000         0.990259        0
         0.591000         0.989677        0
         0.592000         0.989074        0
         0.593000         0.988450        0
         0.594000         0.987805        0
         0.595000         0.987139        0
         0.596000         0.986451        0
         0.597000         0.985741        0
         0.598000         0.985010        0
         0.599000         0.984258        0
         0.600000         0.983484        0
         0.601000         0.982688        0
         0.602000         0.981871        0
         0.603000         0.981032        0
         0.604000         0.980171        0
         0.605000         0.979290        0
         0.606000         0.978387        0
         0.607000         0.977463        0
         0.608000         0.976517        0
         0.609000         0.975552        0
         0.610000         0.974565        0
         0.611000         0.973559        0
         0.612000         0.972532        0
         0.613000         0.971485        0
         0.614000         0.970420        0
         0.615000         0.969335        0
         0.616000         0.968231        0
         0.617000         0.967110        0
         0.618000         0.965970        0
         0.619000         0.964814        0
         0.620000         0.963641        0
         0.621000         0.962452        0
         0.622000         0.961247        0
         0.623000         0.960028        0
         0.624000         0.958795        0
         0.625000         0.957549        0
         0.626000         0.956291        0
         0.627000         0.955023        0
         0.628000         0.953745        0
         0.629000         0.952460        0
         0.630000         0.951167        0
         0.631000         0.949868        0
         0.632000         0.948564        0
         0.633000         0.947254        0
         0.634000         0.945940        0
         0.635000         0.944621        0
         0.636000         0.943300        0
         0.637000         0.941976        0
         0.638000         0.940651        0
         0.639000         0.939324        0
         0.640000         0.937997        0
         0.641000         0.936670        0
         0.642000         0.935344        0
         0.643000         0.934019        0
         0.644000         0.932696        0
         0.645000         0.931376        0
         0.646000         0.930060        0
         0.647000         0.928747        0
         0.648000         0.927439        0
         0.649000         0.926136        0
         0.650000         0.924838        0
         0.651000         0.923548        0
         0.652000         0.922264        0
         0.653000         0.920987        0
         0.654000         0.919719        0
         0.655000         0.918460        0
         0.656000         0.917210        0
         0.657000         0.915969        0
         0.658000         0.914739        0
         0.659000         0.913520        0
         0.660000         0.912312        0
         0.661000         0.911116        0
         0.662000         0.909933        0
         0.663000         0.908762        0
         0.664000         0.907605        0
         0.665000         0.906462        0
         0.666000         0.905333        0
         0.667000         0.904220        0
         0.668000         0.903121        0
         0.669000         0.902038        0
         0.670000         0.900972        0
         0.671000         0.899922        0
         0.672000         0.898889        0
         0.673000         0.897874        0
         0.674000         0.896876        0
         0.675000         0.895897        0
         0.676000         0.894937        0
         0.677000         0.893995        0
         0.678000         0.893073        0
         0.679000         0.892171        0
         0.680000         0.891288        0
         0.681000         0.890426        0
         0.682000         0.889585        0
         0.683000         0.888765        0
         0.684000         0.887966        0
         0.685000         0.887189        0
         0.686000         0.886434        0
         0.687000         0.885701        0
         0.688000         0.884991        0
         0.689000         0.884303        0
         0.690000         0.883638        0
         0.691000         0.882997        0
         0.692000         0.882379        0
         0.693000         0.881785        0
         0.694000         0.881214        0
         0.695000         0.880668        0
         0.696000         0.880146        0
         0.697000         0.879648        0
         0.698000         0.879175        0
         0.699000         0.878727        0
         0.700000         0.878304        0
         0.701000         0.877906        0
         0.702000         0.877533        0
         0.703000         0.877185        0
         0.704000         0.876863        0
         0.705000         0.876567        0
         0.706000         0.876296        0
         0.707000         0.876051        0
         0.708000         0.875832        0
         0.709000         0.875639        0
         0.710000         0.875472        0
         0.711000         0.875331        0
         0.712000         0.875216        0
         0.713000         0.875127        0
         0.714000         0.875064        0
         0.715000         0.875028        0
         0.716000         0.875018        0
         0.717000         0.875034        0
         0.718000         0.875076        0
         0.719000         0.875144        0
         0.720000         0.875239        0
         0.721000         0.875360        0
         0.722000         0.875507        0
         0.723000         0.875679        0
         0.724000         0.875878        0
         0.725000         0.876103        0
         0.726000         0.876354        0
         0.727000         0.876630        0
         0.728000         0.876932        0
         0.729000         0.877260        0
         0.730000         0.877613        0
         0.731000         0.877992        0
         0.732000         0.878396        0
         0.733000         0.878824        0
         0.734000         0.879278        0
         0.735000         0.879757        0
         0.736000         0.880260        0
         0.737000         0.880787        0
         0.738000         0.881339        0
         0.739000         0.881915        0
         0.740000         0.882514        0
         0.741000         0.883137        0
         0.742000         0.883784        0
         0.743000         0.884454        0
         0.744000         0.885147        0
         0.745000         0.885862        0
         0.746000         0.886600        0
         0.747000         0.887360        0
         0.748000         0.888142        0
         0.749000         0.888946        0
         0.750000         0.889770        0
         0.751000         0.890616        0
         0.752000         0.891483        0
         0.753000         0.892369        0
         0.754000         0.893276        0
         0.755000         0.894203        0
         0.756000         0.895148        0
         0.757000         0.896113        0
         0.758000         0.897097        0
         0.759000         0.898098        0
         0.760000         0.899117        0
         0.761000         0.900154        0
         0.762000         0.901207        0
         0.763000         0.902278        0
         0.764000         0.903364        0
         0.765000         0.904466        0
         0.766000         0.905583        0
         0.767000         0.906715        0
         0.768000         0.907861        0
         0.769000         0.909021        0
         0.770000         0.910195        0
         0.771000         0.911381        0
         0.772000         0.912579        0
         0.773000         0.913790        0
         0.774000         0.915011        0
         0.775000         0.916244        0
         0.776000         0.917487        0
         0.777000         0.918739        0
         0.778000         0.920000        0
         0.779000         0.921270        0
         0.780000         0.922548        0
         0.781000         0.923834        0
         0.782000         0.925126        0
         0.783000         0.926425        0
         0.784000         0.927729        0
         0.785000         0.929038        0
         0.786000         0.930352        0
         0.787000         0.931669        0
         0.788000         0.932990        0
         0.789000         0.934313        0
         0.790000         0.935638        0
         0.791000         0.936965        0
         0.792000         0.938292        0
         0.793000         0.939619        0
         0.794000         0.940946        0
         0.795000         0.942271        0
         0.796000         0.943594        0
         0.797000         0.944915        0
         0.798000         0.946232        0
         0.799000         0.947545        0
         0.800000         0.948854        0
         0.801000         0.950158        0
         0.802000         0.951455        0
         0.803000         0.952746        0
         0.804000         0.954030        0
         0.805000         0.955306        0
         0.806000         0.956572        0
         0.807000         0.957827        0
         0.808000         0.959070        0
         0.809000         0.960300        0
         0.810000         0.961516        0
         0.811000         0.962717        0
         0.812000         0.963903        0
         0.813000         0.965072        0
         0.814000         0.966225        0
         0.815000         0.967361        0
         0.816000         0.968478        0
         0.817000         0.969577        0
         0.818000         0.970658        0
         0.819000         0.971720        0
         0.820000         0.972762        0
         0.821000         0.973784        0
         0.822000         0.974786        0
         0.823000         0.975768        0
         0.824000         0.976729        0
         0.825000         0.977670        0
         0.826000         0.978589        0
         0.827000         0.979487        0
         0.828000         0.980364        0
         0.829000         0.981220        0
         0.830000         0.982054        0
         0.831000         0.982867        0
         0.832000         0.983658        0
         0.833000         0.984427        0
         0.834000         0.985175        0
         0.835000         0.985901        0
         0.836000         0.986606        0
         0.837000         0.987289        0
         0.838000         0.987950        0
         0.839000         0.988591        0
         0.840000         0.989210        0
         0.841000         0.989809        0
         0.842000         0.990386        0
         0.843000         0.990943        0
         0.844000         0.991479        0
         0.845000         0.991995        0
         0.846000         0.992491        0
         0.847000         0.992967        0
         0.848000         0.993424        0
         0.849000         0.993862        0
         0.850000         0.994280        0
         0.851000         0.994680        0
         0.852000         0.995061        0
         0.853000         0.995425        0
         0.854000         0.995771        0
         0.855000         0.996099        0
         0.856000         0.996411        0
         0.857000         0.996706        0
         0.858000         0.996984        0
         0.859000         0.997247        0
         0.860000         0.997495        0
         0.861000         0.997727        0
         0.862000         0.997945        0
         0.863000         0.998149        0
         0.864000         0.998339        0
         0.865000         0.998516        0
         0.866000         0.998680        0
         0.867000         0.998832        0
         0.868000         0.998972        0
         0.869000         0.999100        0
         0.870000         0.999218        0
         0.871000         0.999325        0
         0.872000         0.999422        0
         0.873000         0.999509        0
         0.874000         0.999587        0
         0.875000         0.999657        0
         0.876000         0.999719        0
         0.877000         0.999773        0
         0.878000         0.999819        0
         0.879000         0.999859        0
         0.880000         0.999893        0
         0.881000         0.999921        0
         0.882000         0.999944        0
         0.883000         0.999962        0
         0.884000         0.999976        0
         0.885000         0.999987        0
         0.886000         0.999993        0
         0.887000         0.999998        0
         0.888000         1.000000        0
         0.889000         1.000000        0
         0.890000         1.000000        0
         0.891000         1.000000        0
         0.892000         1.000000        0
         0.893000         1.000000        0
         0.894000         1.000000        0
         0.895000         1.000000        0
         0.896000         1.000000        0
         0.897000         1.000000        0
         0.898000         1.000000        0
         0.899000         1.000000        0
         0.900000         1.000000        0
         0.901000         1.000000        0
         0.902000         1.000000        0
         0.903000         1.000000        0
         0.904000         1.000000        0
         0.905000         1.000000        0
         0.906000         1.000000        0
         0.907000         1.000000        0
         0.908000         1.000000        0
         0.909000         1.000000        0
         0.910000         1.000000        0
         0.911000         1.000000        0
         0.912000         1.000000        0
         0.913000         1.000000        0
         0.914000         1.000000        0
         0.915000         1.000000        0
         0.916000         1.000000        0
         0.917000         1.000000        0
         0.918000         1.000000        0
         0.919000         1.000000        0
         0.920000         1.000000        0
         0.921000         1.000000        0
         0.922000         1.000000        0
         0.923000         1.000000        0
         0.924000         1.000000        0
         0.925000         1.000000        0
         0.926000         1.000000        0
         0.927000         1.000000        0
         0.928000         1.000000        0
         0.929000         1.000000        0
         0.930000         1.000000        0
         0.931000         1.000000        0
         0.932000         1.000000        0
         0.933000         1.000000        0
         0.934000         1.000000        0
         0.935000         1.000000        0
         0.936000         1.000000        0
         0.937000         1.000000        0
         0.938000         1.000000        0
         0.939000         1.000000        0
         0.940000         1.000000        0
         0.941000         1.000000        0
         0.942000         1.000000        0
         0.943000         1.000000        0
         0.944000         1.000000        0
         0.945000         1.000000        0
         0.946000         1.000000        0
         0.947000         1.000000        0
         0.948000         1.000000        0
         0.949000         1.000000        0
         0.950000         1.000000        0
         0.951000         1.000000        0
         0.952000         1.000000        0
         0.953000         1.000000        0
         0.954000         1.000000        0
         0.955000         1.000000        0
         0.956000         1.000000        0
         0.957000         1.000000        0
         0.958000         1.000000        0
         0.959000         1.000000        0
         0.960000         1.000000        0
         0.961000         1.000000        0
         0.962000         1.000000        0
         0.963000         1.000000        0
         0.964000         1.000000        0
         0.965000         1.000000        0
         0.966000         1.000000        0
         0.967000         1.000000        0
         0.968000         1.000000        0
         0.969000         1.000000        0
         0.970000         1.000000        0
         0.971000         1.000000        0
         0.972000         1.000000        0
         0.973000         1.000000        0
         0.974000         1.000000        0
         0.975000         1.000000        0
         0.976000         1.000000        0
         0.977000         1.000000        0
         0.978000         1.000000        0
         0.979000         1.000000        0
         0.980000         1.000000        0
         0.981000         1.000000        0
         0.982000         1.000000        0
         0.983000         1.000000        0
         0.984000         1.000000        0
         0.985000         1.000000        0
         0.986000         1.000000        0
         0.987000         1.000000        0
         0.988000         1.000000        0
         0.989000         1.000000        0
         0.990000         1.000000        0
         0.991000         1.000000        0
         0.992000         1.000000        0
         0.993000         1.000000        0
         0.994000         1.000000        0
         0.995000         1.000000        0
         0.996000         1.000000        0
         0.997000         1.000000        0
         0.998000         1.000000        0
         0.999000         1.000000        0
         1.000000         1.000000        0
         1.001000         1.000000        0
