         0.001000         1.000000        0
         0.002000         1.000000        0
         0.003000         1.000000        0
         0.004000         1.000000        0
         0.005000         0.999998        0
         0.006000         0.999996        0
         0.007000         0.999992        0
         0.008000         0.999986        0
         0.009000         0.999977        0
         0.010000         0.999966        0
         0.011000         0.999952        0
         0.012000         0.999936        0
         0.013000         0.999915        0
         0.014000         0.999891        0
         0.015000         0.999864        0
         0.016000         0.999832        0
         0.017000         0.999796        0
         0.018000         0.999755        0
         0.019000         0.999709        0
         0.020000         0.999658        0
         0.021000         0.999601        0
         0.022000         0.999539        0
         0.023000         0.999471        0
         0.024000         0.999397        0
         0.025000         0.999317        0
         0.026000         0.999230        0
         0.027000         0.999137        0
         0.028000         0.999036        0
         0.029000         0.998928        0
         0.030000         0.998813        0
         0.031000         0.998690        0
         0.032000         0.998559        0
         0.033000         0.998421        0
         0.034000         0.998274        0
         0.035000         0.998119        0
         0.036000         0.997955        0
         0.037000         0.997783        0
         0.038000         0.997602        0
         0.039000         0.997411        0
         0.040000         0.997212        0
         0.041000         0.997004        0
         0.042000         0.996786        0
         0.043000         0.996558        0
         0.044000         0.996321        0
         0.045000         0.996074        0
         0.046000         0.995818        0
         0.047000         0.995551        0
         0.048000         0.995275        0
         0.049000         0.994988        0
         0.050000         0.994691        0
         0.051000         0.994384        0
         0.052000         0.994067        0
         0.053000         0.993740        0
         0.054000         0.993402        0
         0.055000         0.993054        0
         0.056000         0.992696        0
         0.057000         0.992328        0
         0.058000         0.991949        0
         0.059000         0.991560        0
         0.060000         0.991161        0
         0.061000         0.990751        0
         0.062000         0.990331        0
         0.063000         0.989902        0
         0.064000         0.989462        0
         0.065000         0.989012        0
         0.066000         0.988553        0
         0.067000         0.988084        0
         0.068000         0.987605        0
         0.069000         0.987117        0
         0.070000         0.986619        0
         0.071000         0.986113        0
         0.072000         0.985597        0
         0.073000         0.985072        0
         0.074000         0.984539        0
         0.075000         0.983997        0
         0.076000         0.983447        0
         0.077000         0.982888        0
         0.078000         0.982322        0
         0.079000         0.981749        0
         0.080000         0.981167        0
         0.081000         0.980579        0
         0.082000         0.979984        0
         0.083000         0.979382        0
         0.084000         0.978775        0
         0.085000         0.978161        0
         0.086000         0.977541        0
         0.087000         0.976916        0
         0.088000         0.976287        0
         0.089000         0.975652        0
         0.090000         0.975014        0
         0.091000         0.974372        0
         0.092000         0.973726        0
         0.093000         0.973077        0
         0.094000         0.972426        0
         0.095000         0.971774        0
         0.096000         0.971119        0
         0.097000         0.970465        0
         0.098000         0.969810        0
         0.099000         0.969156        0
         0.100000         0.968503        0
         0.101000         0.967851        0
         0.102000         0.967200        0
         0.103000         0.966551        0
         0.104000         0.965904        0
         0.105000         0.965259        0
         0.106000         0.964618        0
         0.107000         0.963979        0
         0.108000         0.963344        0
         0.109000         0.962713        0
         0.110000         0.962086        0
         0.111000         0.961463        0
         0.112000         0.960845        0
         0.113000         0.960232        0
         0.114000         0.959625        0
         0.115000         0.959023        0
         0.116000         0.958427        0
         0.117000         0.957838        0
         0.118000         0.957255        0
         0.119000         0.956679        0
         0.120000         0.956110        0
         0.121000         0.955548        0
         0.122000         0.954994        0
         0.123000         0.954448        0
         0.124000         0.953910        0
         0.125000         0.953380        0
         0.126000         0.952859        0
         0.127000         0.952347        0
         0.128000         0.951844        0
         0.129000         0.951351        0
         0.130000         0.950867        0
         0.131000         0.950392        0
         0.132000         0.949928        0
         0.133000         0.949474        0
         0.134000         0.949031        0
         0.135000         0.948598        0
         0.136000         0.948175        0
         0.137000         0.947764        0
         0.138000         0.947364        0
         0.139000         0.946975        0
         0.140000         0.946598        0
         0.141000         0.946233        0
         0.142000         0.945879        0
         0.143000         0.945537        0
         0.144000         0.945207        0
         0.145000         0.944890        0
         0.146000         0.944585        0
         0.147000         0.944292        0
         0.148000         0.944012        0
         0.149000         0.943745        0
         0.150000         0.943490        0
         0.151000         0.943249        0
         0.152000         0.943020        0
         0.153000         0.942805        0
         0.154000         0.942603        0
         0.155000         0.942414        0
         0.156000         0.942239        0
         0.157000         0.942077        0
         0.158000         0.941929        0
         0.159000         0.941794        0
         0.160000         0.941673        0
         0.161000         0.941565        0
         0.162000         0.941471        0
         0.163000         0.941391        0
         0.164000         0.941325        0
         0.165000         0.941273        0
         0.166000         0.941234        0
         0.167000         0.941210        0
         0.168000         0.941199        0
         0.169000         0.941202        0
         0.170000         0.941219        0
         0.171000         0.941250        0
         0.172000         0.941294        0
         0.173000         0.941353        0
         0.174000         0.941425        0
         0.175000         0.941511        0
         0.176000         0.941611        0
         0.177000         0.941725        0
         0.178000         0.941852        0
         0.179000         0.941993        0
         0.180000         0.942147        0
         0.181000         0.942315        0
         0.182000         0.942496        0
         0.183000         0.942691        0
         0.184000         0.942899        0
         0.185000         0.943120        0
         0.186000         0.943354        0
         0.187000         0.943602        0
         0.188000         0.943862        0
         0.189000         0.944135        0
         0.190000         0.944420        0
         0.191000         0.944719        0
         0.192000         0.945029        0
         0.193000         0.945352        0
         0.194000         0.945687        0
         0.195000         0.946035        0
         0.196000         0.946394        0
         0.197000         0.946764        0
         0.198000         0.947147        0
         0.199000         0.947541        0
         0.200000         0.947946        0
         0.201000         0.948362        0
         0.202000         0.948789        0
         0.203000         0.949226        0
         0.204000         0.949675        0
         0.205000         0.950133        0
         0.206000         0.950602        0
         0.207000         0.951081        0
         0.208000         0.951569        0
         0.209000         0.952067        0
         0.210000         0.952574        0
         0.211000         0.953090        0
         0.212000         0.953614        0
         0.213000         0.954148        0
         0.214000         0.954689        0
         0.215000         0.955239        0
         0.216000         0.955797        0
         0.217000         0.956362        0
         0.218000         0.956934        0
         0.219000         0.957513        0
         0.220000         0.958099        0
         0.221000         0.958691        0
         0.222000         0.959290        0
         0.223000         0.959894        0
         0.224000         0.960504        0
         0.225000         0.961119        0
         0.226000         0.961739        0
         0.227000         0.962364        0
         0.228000         0.962993        0
         0.229000         0.963626        0
         0.230000         0.964262        0
         0.231000         0.964902        0
         0.232000         0.965545        0
         0.233000         0.966191        0
         0.234000         0.966839        0
         0.235000         0.967489        0
         0.236000         0.968140        0
         0.237000         0.968793        0
         0.238000         0.969447        0
         0.239000         0.970101        0
         0.240000         0.970756        0
         0.241000         0.971410        0
         0.242000         0.972064        0
         0.243000         0.972716        0
         0.244000         0.973366        0
         0.245000         0.974013        0
         0.246000         0.974657        0
         0.247000         0.975298        0
         0.248000         0.975935        0
         0.249000         0.976567        0
         0.250000         0.977195        0
         0.251000         0.977817        0
         0.252000         0.978434        0
         0.253000         0.979045        0
         0.254000         0.979651        0
         0.255000         0.980249        0
         0.256000         0.980841        0
         0.257000         0.981427        0
         0.258000         0.982004        0
         0.259000         0.982575        0
         0.260000         0.983137        0
         0.261000         0.983692        0
         0.262000         0.984239        0
         0.263000         0.984777        0
         0.264000         0.985306        0
         0.265000         0.985827        0
         0.266000         0.986339        0
         0.267000         0.986842        0
         0.268000         0.987335        0
         0.269000         0.987819        0
         0.270000         0.988294        0
         0.271000         0.988758        0
         0.272000         0.989214        0
         0.273000         0.989659        0
         0.274000         0.990094        0
         0.275000         0.990519        0
         0.276000         0.990934        0
         0.277000         0.991339        0
         0.278000         0.991734        0
         0.279000         0.992119        0
         0.280000         0.992493        0
         0.281000         0.992857        0
         0.282000         0.993210        0
         0.283000         0.993554        0
         0.284000         0.993887        0
         0.285000         0.994210        0
         0.286000         0.994522        0
         0.287000         0.994824        0
         0.288000         0.995117        0
         0.289000         0.995399        0
         0.290000         0.995671        0
         0.291000         0.995933        0
         0.292000         0.996185        0
         0.293000         0.996428        0
         0.294000         0.996661        0
         0.295000         0.996884        0
         0.296000         0.997097        0
         0.297000         0.997302        0
         0.298000         0.997497        0
         0.299000         0.997683        0
         0.300000         0.997861        0
         0.301000         0.998029        0
         0.302000         0.998189        0
         0.303000         0.998340        0
         0.304000         0.998483        0
         0.305000         0.998618        0
         0.306000         0.998746        0
         0.307000         0.998865        0
         0.308000         0.998977        0
         0.309000         0.999082        0
         0.310000         0.999179        0
         0.311000         0.999270        0
         0.312000         0.999354        0
         0.313000         0.999431        0
         0.314000         0.999502        0
         0.315000         0.999568        0
         0.316000         0.999627        0
         0.317000         0.999681        0
         0.318000         0.999730        0
         0.319000         0.999773        0
         0.320000         0.999812        0
         0.321000         0.999847        0
         0.322000         0.999877        0
         0.323000         0.999903        0
         0.324000         0.999925        0
         0.325000         0.999943        0
         0.326000         0.999959        0
         0.327000         0.999971        0
         0.328000         0.999981        0
         0.329000         0.999989        0
         0.330000         0.999994        0
         0.331000         0.999997        0
         0.332000         0.999999        0
         0.333000         1.000000        0
         0.334000         1.000000        0
         0.335000         1.000000        0
         0.336000         1.000000        0
         0.337000         1.000000        0
         0.338000         1.000000        0
         0.339000         1.000000        0
         0.340000         1.000000        0
         0.341000         1.000000        0
         0.342000         1.000000        0
         0.343000         1.000000        0
         0.344000         1.000000        0
         0.345000         1.000000        0
         0.346000         1.000000        0
         0.347000         1.000000        0
         0.348000         1.000000        0
         0.349000         1.000000        0
         0.350000         1.000000        0
         0.351000         1.000000        0
         0.352000         1.000000        0
         0.353000         1.000000        0
         0.354000         1.000000        0
         0.355000         1.000000        0
         0.356000         1.000000        0
         0.357000         1.000000        0
         0.358000         1.000000        0
         0.359000         1.000000        0
         0.360000         1.000000        0
         0.361000         1.000000        0
         0.362000         1.000000        0
         0.363000         1.000000        0
         0.364000         1.000000        0
         0.365000         1.000000        0
         0.366000         1.000000        0
         0.367000         1.000000        0
         0.368000         1.000000        0
         0.369000         1.000000        0
         0.370000         1.000000        0
         0.371000         1.000000        0
         0.372000         1.000000        0
         0.373000         1.000000        0
         0.374000         1.000000        0
         0.375000         1.000000        0
         0.376000         1.000000        0
         0.377000         1.000000        0
         0.378000         1.000000        0
         0.379000         1.000000        0
         0.380000         1.000000        0
         0.381000         1.000000        0
         0.382000         1.000000        0
         0.383000         1.000000        0
         0.384000         1.000000        0
         0.385000         1.000000        0
         0.386000         1.000000        0
         0.387000         1.000000        0
         0.388000         1.000000        0
         0.389000         1.000000        0
         0.390000         1.000000        0
         0.391000         1.000000        0
         0.392000         1.000000        0
         0.393000         1.000000        0
         0.394000         1.000000        0
         0.395000         1.000000        0
         0.396000         1.000000        0
         0.397000         1.000000        0
         0.398000         1.000000        0
         0.399000         1.000000        0
         0.400000         1.000000        0
         0.401000         1.000000        0
         0.402000         1.000000        0
         0.403000         1.000000        0
         0.404000         1.000000        0
         0.405000         1.000000        0
         0.406000         1.000000        0
         0.407000         1.000000        0
         0.408000         1.000000        0
         0.409000         1.000000        0
         0.410000         1.000000        0
         0.411000         1.000000        0
         0.412000         1.000000        0
         0.413000         1.000000        0
         0.414000         1.000000        0
         0.415000         1.000000        0
         0.416000         1.000000        0
         0.417000         1.000000        0
         0.418000         1.000000        0
         0.419000         1.000000        0
         0.420000         1.000000        0
         0.421000         1.000000        0
         0.422000         1.000000        0
         0.423000         1.000000        0
         0.424000         1.000000        0
         0.425000         1.000000        0
         0.426000         1.000000        0
         0.427000         1.000000        0
         0.428000         1.000000        0
         0.429000         1.000000        0
         0.430000         1.000000        0
         0.431000         1.000000        0
         0.432000         1.000000        0
         0.433000         1.000000        0
         0.434000         1.000000        0
         0.435000         1.000000        0
         0.436000         1.000000        0
         0.437000         1.000000        0
         0.438000         1.000000        0
         0.439000         1.000000        0
         0.440000         1.000000        0
         0.441000         1.000000        0
         0.442000         1.000000        0
         0.443000         1.000000        0
         0.444000         1.000000        0
         0.445000         1.000000        0
         0.446000         1.000000        0
         0.447000         1.000000        0
         0.448000         1.000000        0
         0.449000         1.000000        0
         0.450000         1.000000        0
         0.451000         1.000000        0
         0.452000         1.000000        0
         0.453000         1.000000        0
         0.454000         1.000000        0
         0.455000         1.000000        0
         0.456000         1.000000        0
         0.457000         1.000000        0
         0.458000         1.000000        0
         0.459000         1.000000        0
         0.460000         1.000000        0
         0.461000         1.000000        0
         0.462000         1.000000        0
         0.463000         1.000000        0
         0.464000         1.000000        0
         0.465000         1.000000        0
         0.466000         1.000000        0
         0.467000         1.000000        0
         0.468000         1.000000        0
         0.469000         1.000000        0
         0.470000         1.000000        0
         0.471000         1.000000        0
         0.472000         1.000000        0
         0.473000         1.000000        0
         0.474000         1.000000        0
         0.475000         1.000000        0
         0.476000         1.000000        0
         0.477000         1.000000        0
         0.478000         1.000000        0
         0.479000         1.000000        0
         0.480000         1.000000        0
         0.481000         1.000000        0
         0.482000         1.000000        0
         0.483000         1.000000        0
         0.484000         1.000000        0
         0.485000         1.000000        0
         0.486000         1.000000        0
         0.487000         1.000000        0
         0.488000         1.000000        0
         0.489000         1.000000        0
         0.490000         1.000000        0
         0.491000         1.000000        0
         0.492000         1.000000        0
         0.493000         1.000000        0
         0.494000         1.000000        0
         0.495000         1.000000        0
         0.496000         1.000000        0
         0.497000         1.000000        0
         0.498000         1.000000        0
         0.499000         1.000000        0
         0.500000         1.000000        0
         0.501000         1.000000        0
         0.502000         1.000000        0
         0.503000         1.000000        0
         0.504000         1.000000        0
         0.505000         0.999998        0
         0.506000         0.999996        0
         0.507000         0.999992        0
         0.508000         0.999986        0
         0.509000         0.999977        0
         0.510000         0.999966        0
         0.511000         0.999952        0
         0.512000         0.999936        0
         0.513000         0.999915        0
         0.514000         0.999891        0
         0.515000         0.999864        0
         0.516000         0.999832        0
         0.517000         0.999796        0
         0.518000         0.999755        0
         0.519000         0.999709        0
         0.520000         0.999658        0
         0.521000         0.999601        0
         0.522000         0.999539        0
         0.523000         0.999471        0
         0.524000         0.999397        0
         0.525000         0.999317        0
         0.526000         0.999230        0
         0.527000         0.999137        0
         0.528000         0.999036        0
         0.529000         0.998928        0
         0.530000         0.998813        0
         0.531000         0.998690        0
         0.532000         0.998559        0
         0.533000         0.998421        0
         0.534000         0.998274        0
         0.535000         0.998119        0
         0.536000         0.997955        0
         0.537000         0.997783        0
         0.538000         0.997602        0
         0.539000         0.997411        0
         0.540000         0.997212        0
         0.541000         0.997004        0
         0.542000         0.996786        0
         0.543000         0.996558        0
         0.544000         0.996321        0
         0.545000         0.996074        0
         0.546000         0.995818        0
         0.547000         0.995551        0
         0.548000         0.995275        0
         0.549000         0.994988        0
         0.550000         0.994691        0
         0.551000         0.994384        0
         0.552000         0.994067        0
         0.553000         0.993740        0
         0.554000         0.993402        0
         0.555000         0.993054        0
         0.556000         0.992696        0
         0.557000         0.992328        0
         0.558000         0.991949        0
         0.559000         0.991560        0
         0.560000         0.991161        0
         0.561000         0.990751        0
         0.562000         0.990331        0
         0.563000         0.989902        0
         0.564000         0.989462        0
         0.565000         0.989012        0
         0.566000         0.988553        0
         0.567000         0.988084        0
         0.568000         0.987605        0
         0.569000         0.987117        0
         0.570000         0.986619        0
         0.571000         0.986113        0
         0.572000         0.985597        0
         0.573000         0.985072        0
         0.574000         0.984539        0
         0.575000         0.983997        0
         0.576000         0.983447        0
         0.577000         0.982888        0
         0.578000         0.982322        0
         0.579000         0.981749        0
         0.580000         0.981167        0
         0.581000         0.980579        0
         0.582000         0.979984        0
         0.583000         0.979382        0
         0.584000         0.978775        0
         0.585000         0.978161        0
         0.586000         0.977541        0
         0.587000         0.976916        0
         0.588000         0.976287        0
         0.589000         0.975652        0
         0.590000         0.975014        0
         0.591000         0.974372        0
         0.592000         0.973726        0
         0.593000         0.973077        0
         0.594000         0.972426        0
         0.595000         0.971774        0
         0.596000         0.971119        0
         0.597000         0.970465        0
         0.598000         0.969810        0
         0.599000         0.969156        0
         0.600000         0.968503        0
         0.601000         0.967851        0
         0.602000         0.967200        0
         0.603000         0.966551        0
         0.604000         0.965904        0
         0.605000         0.965259        0
         0.606000         0.964618        0
         0.607000         0.963979        0
         0.608000         0.963344        0
         0.609000         0.962713        0
         0.610000         0.962086        0
         0.611000         0.961463        0
         0.612000         0.960845        0
         0.613000         0.960232        0
         0.614000         0.959625        0
         0.615000         0.959023        0
         0.616000         0.958427        0
         0.617000         0.957838        0
         0.618000         0.957255        0
         0.619000         0.956679        0
         0.620000         0.956110        0
         0.621000         0.955548        0
         0.622000         0.954994        0
         0.623000         0.954448        0
         0.624000         0.953910        0
         0.625000         0.953380        0
         0.626000         0.952859        0
         0.627000         0.952347        0
         0.628000         0.951844        0
         0.629000         0.951351        0
         0.630000         0.950867        0
         0.631000         0.950392        0
         0.632000         0.949928        0
         0.633000         0.949474        0
         0.634000         0.949031        0
         0.635000         0.948598        0
         0.636000         0.948175        0
         0.637000         0.947764        0
         0.638000         0.947364        0
         0.639000         0.946975        0
         0.640000         0.946598        0
         0.641000         0.946233        0
         0.642000         0.945879        0
         0.643000         0.945537        0
         0.644000         0.945207        0
         0.645000         0.944890        0
         0.646000         0.944585        0
         0.647000         0.944292        0
         0.648000         0.944012        0
         0.649000         0.943745        0
         0.650000         0.943490        0
         0.651000         0.943249        0
         0.652000         0.943020        0
         0.653000         0.942805        0
         0.654000         0.942603        0
         0.655000         0.942414        0
         0.656000         0.942239        0
         0.657000         0.942077        0
         0.658000         0.941929        0
         0.659000         0.941794        0
         0.660000         0.941673        0
         0.661000         0.941565        0
         0.662000         0.941471        0
         0.663000         0.941391        0
         0.664000         0.941325        0
         0.665000         0.941273        0
         0.666000         0.941234        0
         0.667000         0.941210        0
         0.668000         0.941199        0
         0.669000         0.941202        0
         0.670000         0.941219        0
         0.671000         0.941250        0
         0.672000         0.941294        0
         0.673000         0.941353        0
         0.674000         0.941425        0
         0.675000         0.941511        0
         0.676000         0.941611        0
         0.677000         0.941725        0
         0.678000         0.941852        0
         0.679000         0.941993        0
         0.680000         0.942147        0
         0.681000         0.942315        0
         0.682000         0.942496        0
         0.683000         0.942691        0
         0.684000         0.942899        0
         0.685000         0.943120        0
         0.686000         0.943354        0
         0.687000         0.943602        0
         0.688000         0.943862        0
         0.689000         0.944135        0
         0.690000         0.944420        0
         0.691000         0.944719        0
         0.692000         0.945029        0
         0.693000         0.945352        0
         0.694000         0.945687        0
         0.695000         0.946035        0
         0.696000         0.946394        0
         0.697000         0.946764        0
         0.698000         0.947147        0
         0.699000         0.947541        0
         0.700000         0.947946        0
         0.701000         0.948362        0
         0.702000         0.948789        0
         0.703000         0.949226        0
         0.704000         0.949675        0
         0.705000         0.950133        0
         0.706000         0.950602        0
         0.707000         0.951081        0
         0.708000         0.951569        0
         0.709000         0.952067        0
         0.710000         0.952574        0
         0.711000         0.953090        0
         0.712000         0.953614        0
         0.713000         0.954148        0
         0.714000         0.954689        0
         0.715000         0.955239        0
         0.716000         0.955797        0
         0.717000         0.956362        0
         0.718000         0.956934        0
         0.719000         0.957513        0
         0.720000         0.958099        0
         0.721000         0.958691        0
         0.722000         0.959290        0
         0.723000         0.959894        0
         0.724000         0.960504        0
         0.725000         0.961119        0
         0.726000         0.961739        0
         0.727000         0.962364        0
         0.728000         0.962993        0
         0.729000         0.963626        0
         0.730000         0.964262        0
         0.731000         0.964902        0
         0.732000         0.965545        0
         0.733000         0.966191        0
         0.734000         0.966839        0
         0.735000         0.967489        0
         0.736000         0.968140        0
         0.737000         0.968793        0
         0.738000         0.969447        0
         0.739000         0.970101        0
         0.740000         0.970756        0
         0.741000         0.971410        0
         0.742000         0.972064        0
         0.743000         0.972716        0
         0.744000         0.973366        0
         0.745000         0.974013        0
         0.746000         0.974657        0
         0.747000         0.975298        0
         0.748000         0.975935        0
         0.749000         0.976567        0
         0.750000         0.977195        0
         0.751000         0.977817        0
         0.752000         0.978434        0
         0.753000         0.979045        0
         0.754000         0.979651        0
         0.755000         0.980249        0
         0.756000         0.980841        0
         0.757000         0.981427        0
         0.758000         0.982004        0
         0.759000         0.982575        0
         0.760000         0.983137        0
         0.761000         0.983692        0
         0.762000         0.984239        0
         0.763000         0.984777        0
         0.764000         0.985306        0
         0.765000         0.985827        0
         0.766000         0.986339        0
         0.767000         0.986842        0
         0.768000         0.987335        0
         0.769000         0.987819        0
         0.770000         0.988294        0
         0.771000         0.988758        0
         0.772000         0.989214        0
         0.773000         0.989659        0
         0.774000         0.990094        0
         0.775000         0.990519        0
         0.776000         0.990934        0
         0.777000         0.991339        0
         0.778000         0.991734        0
         0.779000         0.992119        0
         0.780000         0.992493        0
         0.781000         0.992857        0
         0.782000         0.993210        0
         0.783000         0.993554        0
         0.784000         0.993887        0
         0.785000         0.994210        0
         0.786000         0.994522        0
         0.787000         0.994824        0
         0.788000         0.995117        0
         0.789000         0.995399        0
         0.790000         0.995671        0
         0.791000         0.995933        0
         0.792000         0.996185        0
         0.793000         0.996428        0
         0.794000         0.996661        0
         0.795000         0.996884        0
         0.796000         0.997097        0
         0.797000         0.997302        0
         0.798000         0.997497        0
         0.799000         0.997683        0
         0.800000         0.997861        0
         0.801000         0.998029        0
         0.802000         0.998189        0
         0.803000         0.998340        0
         0.804000         0.998483        0
         0.805000         0.998618        0
         0.806000         0.998746        0
         0.807000         0.998865        0
         0.808000         0.998977        0
         0.809000         0.999082        0
         0.810000         0.999179        0
         0.811000         0.999270        0
         0.812000         0.999354        0
         0.813000         0.999431        0
         0.814000         0.999502        0
         0.815000         0.999568        0
         0.816000         0.999627        0
         0.817000         0.999681        0
         0.818000         0.999730        0
         0.819000         0.999773        0
         0.820000         0.999812        0
         0.821000         0.999847        0
         0.822000         0.999877        0
         0.823000         0.999903        0
         0.824000         0.999925        0
         0.825000         0.999943        0
         0.826000         0.999959        0
         0.827000         0.999971        0
         0.828000         0.999981        0
         0.829000         0.999989        0
         0.830000         0.999994        0
         0.831000         0.999997        0
         0.832000         0.999999        0
         0.833000         1.000000        0
         0.834000         1.000000        0
         0.835000         1.000000        0
         0.836000         1.000000        0
         0.837000         1.000000        0
         0.838000         1.000000        0
         0.839000         1.000000        0
         0.840000         1.000000        0
         0.841000         1.000000        0
         0.842000         1.000000        0
         0.843000         1.000000        0
         0.844000         1.000000        0
         0.845000         1.000000        0
         0.846000         1.000000        0
         0.847000         1.000000        0
         0.848000         1.000000        0
         0.849000         1.000000        0
         0.850000         1.000000        0
         0.851000         1.000000        0
         0.852000         1.000000        0
         0.853000         1.000000        0
         0.854000         1.000000        0
         0.855000         1.000000        0
         0.856000         1.000000        0
         0.857000         1.000000        0
         0.858000         1.000000        0
         0.859000         1.000000        0
         0.860000         1.000000        0
         0.861000         1.000000        0
         0.862000         1.000000        0
         0.863000         1.000000        0
         0.864000         1.000000        0
         0.865000         1.000000        0
         0.866000         1.000000        0
         0.867000         1.000000        0
         0.868000         1.000000        0
         0.869000         1.000000        0
         0.870000         1.000000        0
         0.871000         1.000000        0
         0.872000         1.000000        0
         0.873000         1.000000        0
         0.874000         1.000000        0
         0.875000         1.000000        0
         0.876000         1.000000        0
         0.877000         1.000000        0
         0.878000         1.000000        0
         0.879000         1.000000        0
         0.880000         1.000000        0
         0.881000         1.000000        0
         0.882000         1.000000        0
         0.883000         1.000000        0
         0.884000         1.000000        0
         0.885000         1.000000        0
         0.886000         1.000000        0
         0.887000         1.000000        0
         0.888000         1.000000        0
         0.889000         1.000000        0
         0.890000         1.000000        0
         0.891000         1.000000        0
         0.892000         1.000000        0
         0.893000         1.000000        0
         0.894000         1.000000        0
         0.895000         1.000000        0
         0.896000         1.000000        0
         0.897000         1.000000        0
         0.898000         1.000000        0
         0.899000         1.000000        0
         0.900000         1.000000        0
         0.901000         1.000000        0
         0.902000         1.000000        0
         0.903000         1.000000        0
         0.904000         1.000000        0
         0.905000         1.000000        0
         0.906000         1.000000        0
         0.907000         1.000000        0
         0.908000         1.000000        0
         0.909000         1.000000        0
         0.910000         1.000000        0
         0.911000         1.000000        0
         0.912000         1.000000        0
         0.913000         1.000000        0
         0.914000         1.000000        0
         0.915000         1.000000        0
         0.916000         1.000000        0
         0.917000         1.000000        0
         0.918000         1.000000        0
         0.919000         1.000000        0
         0.920000         1.000000        0
         0.921000         1.000000        0
         0.922000         1.000000        0
         0.923000         1.000000        0
         0.924000         1.000000        0
         0.925000         1.000000        0
         0.926000         1.000000        0
         0.927000         1.000000        0
         0.928000         1.000000        0
         0.929000         1.000000        0
         0.930000         1.000000        0
         0.931000         1.000000        0
         0.932000         1.000000        0
         0.933000         1.000000        0
         0.934000         1.000000        0
         0.935000         1.000000        0
         0.936000         1.000000        0
         0.937000         1.000000        0
         0.938000         1.000000        0
         0.939000         1.000000        0
         0.940000         1.000000        0
         0.941000         1.000000        0
         0.942000         1.000000        0
         0.943000         1.000000        0
         0.944000         1.000000        0
         0.945000         1.000000        0
         0.946000         1.000000        0
         0.947000         1.000000        0
         0.948000         1.000000        0
         0.949000         1.000000        0
         0.950000         1.000000        0
         0.951000         1.000000        0
         0.952000         1.000000        0
         0.953000         1.000000        0
         0.954000         1.000000        0
         0.955000         1.000000        0
         0.956000         1.000000        0
         0.957000         1.000000        0
         0.958000         1.000000        0
         0.959000         1.000000        0
         0.960000         1.000000        0
         0.961000         1.000000        0
         0.962000         1.000000        0
         0.963000         1.000000        0
         0.964000         1.000000        0
         0.965000         1.000000        0
         0.966000         1.000000        0
         0.967000         1.000000        0
         0.968000         1.000000        0
         0.969000         1.000000        0
         0.970000         1.000000        0
         0.971000         1.000000        0
         0.972000         1.000000        0
         0.973000         1.000000        0
         0.974000         1.000000        0
         0.975000         1.000000        0
         0.976000         1.000000        0
         0.977000         1.000000        0
         0.978000         1.000000        0
         0.979000         1.000000        0
         0.980000         1.000000        0
         0.981000         1.000000        0
         0.982000         1.000000        0
         0.983000         1.000000        0
         0.984000         1.000000        0
         0.985000         1.000000        0
         0.986000         1.000000        0
         0.987000         1.000000        0
         0.988000         1.000000        0
         0.989000         1.000000        0
         0.990000         1.000000        0
         0.991000         1.000000        0
         0.992000         1.000000        0
         0.993000         1.000000        0
         0.994000         1.000000        0
         0.995000         1.000000        0
         0.996000         1.000000        0
         0.997000         1.000000        0
         0.998000         1.000000        0
         0.999000         1.000000        0
         1.000000         1.000000        0
         1.001000         1.000000        0
