         0.001000         0.996741        0
         0.002000         0.996765        0
         0.003000         0.996790        0
         0.004000         0.996816        0
         0.005000         0.996842        0
         0.006000         0.996868        0
         0.007000         0.996895        0
         0.008000         0.996922        0
         0.009000         0.996950        0
         0.010000         0.996978        0
         0.011000         0.997007        0
         0.012000         0.997036        0
         0.013000         0.997065        0
         0.014000         0.997095        0
         0.015000         0.997125        0
         0.016000         0.997155        0
         0.017000         0.997186        0
         0.018000         0.997216        0
         0.019000         0.997248        0
         0.020000         0.997279        0
         0.021000         0.997311        0
         0.022000         0.997343        0
         0.023000         0.997375        0
         0.024000         0.997407        0
         0.025000         0.997440        0
         0.026000         0.997473        0
         0.027000         0.997505        0
         0.028000         0.997538        0
         0.029000         0.997572        0
         0.030000         0.997605        0
         0.031000         0.997638        0
         0.032000         0.997672        0
         0.033000         0.997705        0
         0.034000         0.997739        0
         0.035000         0.997773        0
         0.036000         0.997806        0
         0.037000         0.997840        0
         0.038000         0.997874        0
         0.039000         0.997908        0
         0.040000         0.997941        0
         0.041000         0.997975        0
         0.042000         0.998009        0
         0.043000         0.998042        0
         0.044000         0.998076        0
         0.045000         0.998109        0
         0.046000         0.998143        0
         0.047000         0.998176        0
         0.048000         0.998209        0
         0.049000         0.998242        0
         0.050000         0.998274        0
         0.051000         0.998307        0
         0.052000         0.998340        0
         0.053000         0.998372        0
         0.054000         0.998404        0
         0.055000         0.998436        0
         0.056000         0.998467        0
         0.057000         0.998499        0
         0.058000         0.998530        0
         0.059000         0.998561        0
         0.060000         0.998592        0
         0.061000         0.998622        0
         0.062000         0.998652        0
         0.063000         0.998682        0
         0.064000         0.998712        0
         0.065000         0.998741        0
         0.066000         0.998770        0
         0.067000         0.998799        0
         0.068000         0.998827        0
         0.069000         0.998855        0
         0.070000         0.998883        0
         0.071000         0.998910        0
         0.072000         0.998936        0
         0.073000         0.998961        0
         0.074000         0.998984        0
         0.075000         0.999005        0
         0.076000         0.999024        0
         0.077000         0.999041        0
         0.078000         0.999055        0
         0.079000         0.999066        0
         0.080000         0.999074        0
         0.081000         0.999080        0
         0.082000         0.999082        0
         0.083000         0.999080        0
         0.084000         0.999075        0
         0.085000         0.999066        0
         0.086000         0.999053        0
         0.087000         0.999035        0
         0.088000         0.999014        0
         0.089000         0.998988        0
         0.090000         0.998957        0
         0.091000         0.998921        0
         0.092000         0.998881        0
         0.093000         0.998835        0
         0.094000         0.998784        0
         0.095000         0.998728        0
         0.096000         0.998666        0
         0.097000         0.998598        0
         0.098000         0.998525        0
         0.099000         0.998446        0
         0.100000         0.998361        0
         0.101000         0.998270        0
         0.102000         0.998172        0
         0.103000         0.998069        0
         0.104000         0.997959        0
         0.105000         0.997843        0
         0.106000         0.997721        0
         0.107000         0.997592        0
         0.108000         0.997456        0
         0.109000         0.997314        0
         0.110000         0.997165        0
         0.111000         0.997010        0
         0.112000         0.996848        0
         0.113000         0.996679        0
         0.114000         0.996504        0
         0.115000         0.996322        0
         0.116000         0.996134        0
         0.117000         0.995939        0
         0.118000         0.995737        0
         0.119000         0.995529        0
         0.120000         0.995315        0
         0.121000         0.995094        0
         0.122000         0.994866        0
         0.123000         0.994633        0
         0.124000         0.994394        0
         0.125000         0.994148        0
         0.126000         0.993897        0
         0.127000         0.993639        0
         0.128000         0.993377        0
         0.129000         0.993108        0
         0.130000         0.992835        0
         0.131000         0.992556        0
         0.132000         0.992272        0
         0.133000         0.991983        0
         0.134000         0.991690        0
         0.135000         0.991393        0
         0.136000         0.991091        0
         0.137000         0.990786        0
         0.138000         0.990477        0
         0.139000         0.990165        0
         0.140000         0.989850        0
         0.141000         0.989532        0
         0.142000         0.989213        0
         0.143000         0.988892        0
         0.144000         0.988569        0
         0.145000         0.988245        0
         0.146000         0.987920        0
         0.147000         0.987594        0
         0.148000         0.987267        0
         0.149000         0.986939        0
         0.150000         0.986611        0
         0.151000         0.986283        0
         0.152000         0.985954        0
         0.153000         0.985626        0
         0.154000         0.985298        0
         0.155000         0.984970        0
         0.156000         0.984644        0
         0.157000         0.984318        0
         0.158000         0.983993        0
         0.159000         0.983669        0
         0.160000         0.983346        0
         0.161000         0.983026        0
         0.162000         0.982706        0
         0.163000         0.982389        0
         0.164000         0.982074        0
         0.165000         0.981761        0
         0.166000         0.981450        0
         0.167000         0.981142        0
         0.168000         0.980837        0
         0.169000         0.980534        0
         0.170000         0.980235        0
         0.171000         0.979939        0
         0.172000         0.979645        0
         0.173000         0.979356        0
         0.174000         0.979070        0
         0.175000         0.978788        0
         0.176000         0.978509        0
         0.177000         0.978235        0
         0.178000         0.977965        0
         0.179000         0.977699        0
         0.180000         0.977437        0
         0.181000         0.977180        0
         0.182000         0.976928        0
         0.183000         0.976680        0
         0.184000         0.976437        0
         0.185000         0.976200        0
         0.186000         0.975967        0
         0.187000         0.975739        0
         0.188000         0.975517        0
         0.189000         0.975301        0
         0.190000         0.975089        0
         0.191000         0.974884        0
         0.192000         0.974684        0
         0.193000         0.974490        0
         0.194000         0.974301        0
         0.195000         0.974119        0
         0.196000         0.973943        0
         0.197000         0.973773        0
         0.198000         0.973609        0
         0.199000         0.973451        0
         0.200000         0.973300        0
         0.201000         0.973155        0
         0.202000         0.973017        0
         0.203000         0.972885        0
         0.204000         0.972759        0
         0.205000         0.972640        0
         0.206000         0.972528        0
         0.207000         0.972423        0
         0.208000         0.972324        0
         0.209000         0.972233        0
         0.210000         0.972148        0
         0.211000         0.972070        0
         0.212000         0.971999        0
         0.213000         0.971935        0
         0.214000         0.971877        0
         0.215000         0.971827        0
         0.216000         0.971784        0
         0.217000         0.971748        0
         0.218000         0.971719        0
         0.219000         0.971697        0
         0.220000         0.971682        0
         0.221000         0.971675        0
         0.222000         0.971674        0
         0.223000         0.971680        0
         0.224000         0.971694        0
         0.225000         0.971714        0
         0.226000         0.971742        0
         0.227000         0.971776        0
         0.228000         0.971818        0
         0.229000         0.971867        0
         0.230000         0.971923        0
         0.231000         0.971985        0
         0.232000         0.972055        0
         0.233000         0.972132        0
         0.234000         0.972215        0
         0.235000         0.972306        0
         0.236000         0.972403        0
         0.237000         0.972507        0
         0.238000         0.972617        0
         0.239000         0.972735        0
         0.240000         0.972859        0
         0.241000         0.972989        0
         0.242000         0.973126        0
         0.243000         0.973270        0
         0.244000         0.973420        0
         0.245000         0.973576        0
         0.246000         0.973738        0
         0.247000         0.973907        0
         0.248000         0.974082        0
         0.249000         0.974263        0
         0.250000         0.974450        0
         0.251000         0.974642        0
         0.252000         0.974841        0
         0.253000         0.975045        0
         0.254000         0.975255        0
         0.255000         0.975470        0
         0.256000         0.975691        0
         0.257000         0.975917        0
         0.258000         0.976148        0
         0.259000         0.976384        0
         0.260000         0.976626        0
         0.261000         0.976872        0
         0.262000         0.977123        0
         0.263000         0.977378        0
         0.264000         0.977638        0
         0.265000         0.977903        0
         0.266000         0.978171        0
         0.267000         0.978444        0
         0.268000         0.978721        0
         0.269000         0.979002        0
         0.270000         0.979286        0
         0.271000         0.979574        0
         0.272000         0.979865        0
         0.273000         0.980160        0
         0.274000         0.980458        0
         0.275000         0.980758        0
         0.276000         0.981062        0
         0.277000         0.981368        0
         0.278000         0.981677        0
         0.279000         0.981988        0
         0.280000         0.982302        0
         0.281000         0.982617        0
         0.282000         0.982934        0
         0.283000         0.983253        0
         0.284000         0.983574        0
         0.285000         0.983895        0
         0.286000         0.984218        0
         0.287000         0.984542        0
         0.288000         0.984867        0
         0.289000         0.985193        0
         0.290000         0.985518        0
         0.291000         0.985844        0
         0.292000         0.986171        0
         0.293000         0.986497        0
         0.294000         0.986823        0
         0.295000         0.987148        0
         0.296000         0.987472        0
         0.297000         0.987796        0
         0.298000         0.988119        0
         0.299000         0.988440        0
         0.300000         0.988761        0
         0.301000         0.989079        0
         0.302000         0.989396        0
         0.303000         0.989710        0
         0.304000         0.990023        0
         0.305000         0.990332        0
         0.306000         0.990638        0
         0.307000         0.990941        0
         0.308000         0.991240        0
         0.309000         0.991535        0
         0.310000         0.991825        0
         0.311000         0.992111        0
         0.312000         0.992392        0
         0.313000         0.992668        0
         0.314000         0.992939        0
         0.315000         0.993204        0
         0.316000         0.993464        0
         0.317000         0.993718        0
         0.318000         0.993967        0
         0.319000         0.994209        0
         0.320000         0.994445        0
         0.321000         0.994676        0
         0.322000         0.994899        0
         0.323000         0.995117        0
         0.324000         0.995328        0
         0.325000         0.995533        0
         0.326000         0.995731        0
         0.327000         0.995923        0
         0.328000         0.996108        0
         0.329000         0.996286        0
         0.330000         0.996457        0
         0.331000         0.996622        0
         0.332000         0.996781        0
         0.333000         0.996932        0
         0.334000         0.997077        0
         0.335000         0.997215        0
         0.336000         0.997347        0
         0.337000         0.997472        0
         0.338000         0.997591        0
         0.339000         0.997703        0
         0.340000         0.997808        0
         0.341000         0.997908        0
         0.342000         0.998001        0
         0.343000         0.998088        0
         0.344000         0.998169        0
         0.345000         0.998244        0
         0.346000         0.998313        0
         0.347000         0.998376        0
         0.348000         0.998433        0
         0.349000         0.998486        0
         0.350000         0.998532        0
         0.351000         0.998574        0
         0.352000         0.998610        0
         0.353000         0.998641        0
         0.354000         0.998668        0
         0.355000         0.998690        0
         0.356000         0.998707        0
         0.357000         0.998720        0
         0.358000         0.998729        0
         0.359000         0.998734        0
         0.360000         0.998734        0
         0.361000         0.998732        0
         0.362000         0.998726        0
         0.363000         0.998716        0
         0.364000         0.998703        0
         0.365000         0.998688        0
         0.366000         0.998670        0
         0.367000         0.998649        0
         0.368000         0.998626        0
         0.369000         0.998601        0
         0.370000         0.998574        0
         0.371000         0.998546        0
         0.372000         0.998516        0
         0.373000         0.998485        0
         0.374000         0.998453        0
         0.375000         0.998422        0
         0.376000         0.998390        0
         0.377000         0.998358        0
         0.378000         0.998325        0
         0.379000         0.998293        0
         0.380000         0.998260        0
         0.381000         0.998227        0
         0.382000         0.998194        0
         0.383000         0.998161        0
         0.384000         0.998128        0
         0.385000         0.998094        0
         0.386000         0.998061        0
         0.387000         0.998027        0
         0.388000         0.997994        0
         0.389000         0.997960        0
         0.390000         0.997926        0
         0.391000         0.997893        0
         0.392000         0.997859        0
         0.393000         0.997825        0
         0.394000         0.997792        0
         0.395000         0.997758        0
         0.396000         0.997724        0
         0.397000         0.997691        0
         0.398000         0.997657        0
         0.399000         0.997624        0
         0.400000         0.997590        0
         0.401000         0.997557        0
         0.402000         0.997524        0
         0.403000         0.997491        0
         0.404000         0.997458        0
         0.405000         0.997425        0
         0.406000         0.997393        0
         0.407000         0.997361        0
         0.408000         0.997328        0
         0.409000         0.997297        0
         0.410000         0.997265        0
         0.411000         0.997234        0
         0.412000         0.997203        0
         0.413000         0.997172        0
         0.414000         0.997141        0
         0.415000         0.997111        0
         0.416000         0.997081        0
         0.417000         0.997052        0
         0.418000         0.997023        0
         0.419000         0.996994        0
         0.420000         0.996966        0
         0.421000         0.996938        0
         0.422000         0.996910        0
         0.423000         0.996883        0
         0.424000         0.996857        0
         0.425000         0.996830        0
         0.426000         0.996805        0
         0.427000         0.996779        0
         0.428000         0.996754        0
         0.429000         0.996730        0
         0.430000         0.996706        0
         0.431000         0.996683        0
         0.432000         0.996661        0
         0.433000         0.996638        0
         0.434000         0.996617        0
         0.435000         0.996596        0
         0.436000         0.996575        0
         0.437000         0.996556        0
         0.438000         0.996536        0
         0.439000         0.996518        0
         0.440000         0.996500        0
         0.441000         0.996483        0
         0.442000         0.996466        0
         0.443000         0.996450        0
         0.444000         0.996435        0
         0.445000         0.996420        0
         0.446000         0.996406        0
         0.447000         0.996392        0
         0.448000         0.996380        0
         0.449000         0.996368        0
         0.450000         0.996357        0
         0.451000         0.996346        0
         0.452000         0.996336        0
         0.453000         0.996327        0
         0.454000         0.996319        0
         0.455000         0.996311        0
         0.456000         0.996304        0
         0.457000         0.996298        0
         0.458000         0.996293        0
         0.459000         0.996288        0
         0.460000         0.996284        0
         0.461000         0.996281        0
         0.462000         0.996278        0
         0.463000         0.996276        0
         0.464000         0.996276        0
         0.465000         0.996275        0
         0.466000         0.996276        0
         0.467000         0.996277        0
         0.468000         0.996279        0
         0.469000         0.996282        0
         0.470000         0.996286        0
         0.471000         0.996290        0
         0.472000         0.996295        0
         0.473000         0.996301        0
         0.474000         0.996307        0
         0.475000         0.996314        0
         0.476000         0.996322        0
         0.477000         0.996331        0
         0.478000         0.996341        0
         0.479000         0.996351        0
         0.480000         0.996362        0
         0.481000         0.996373        0
         0.482000         0.996385        0
         0.483000         0.996398        0
         0.484000         0.996412        0
         0.485000         0.996426        0
         0.486000         0.996441        0
         0.487000         0.996457        0
         0.488000         0.996473        0
         0.489000         0.996490        0
         0.490000         0.996508        0
         0.491000         0.996526        0
         0.492000         0.996545        0
         0.493000         0.996564        0
         0.494000         0.996584        0
         0.495000         0.996605        0
         0.496000         0.996626        0
         0.497000         0.996648        0
         0.498000         0.996671        0
         0.499000         0.996694        0
         0.500000         0.996717        0
         0.501000         0.996741        0
         0.502000         0.996765        0
         0.503000         0.996790        0
         0.504000         0.996816        0
         0.505000         0.996842        0
         0.506000         0.996868        0
         0.507000         0.996895        0
         0.508000         0.996922        0
         0.509000         0.996950        0
         0.510000         0.996978        0
         0.511000         0.997007        0
         0.512000         0.997036        0
         0.513000         0.997065        0
         0.514000         0.997095        0
         0.515000         0.997125        0
         0.516000         0.997155        0
         0.517000         0.997186        0
         0.518000         0.997216        0
         0.519000         0.997248        0
         0.520000         0.997279        0
         0.521000         0.997311        0
         0.522000         0.997343        0
         0.523000         0.997375        0
         0.524000         0.997407        0
         0.525000         0.997440        0
         0.526000         0.997473        0
         0.527000         0.997505        0
         0.528000         0.997538        0
         0.529000         0.997572        0
         0.530000         0.997605        0
         0.531000         0.997638        0
         0.532000         0.997672        0
         0.533000         0.997705        0
         0.534000         0.997739        0
         0.535000         0.997773        0
         0.536000         0.997806        0
         0.537000         0.997840        0
         0.538000         0.997874        0
         0.539000         0.997908        0
         0.540000         0.997941        0
         0.541000         0.997975        0
         0.542000         0.998009        0
         0.543000         0.998042        0
         0.544000         0.998076        0
         0.545000         0.998109        0
         0.546000         0.998143        0
         0.547000         0.998176        0
         0.548000         0.998209        0
         0.549000         0.998242        0
         0.550000         0.998274        0
         0.551000         0.998307        0
         0.552000         0.998340        0
         0.553000         0.998372        0
         0.554000         0.998404        0
         0.555000         0.998436        0
         0.556000         0.998467        0
         0.557000         0.998499        0
         0.558000         0.998530        0
         0.559000         0.998561        0
         0.560000         0.998592        0
         0.561000         0.998622        0
         0.562000         0.998652        0
         0.563000         0.998682        0
         0.564000         0.998712        0
         0.565000         0.998741        0
         0.566000         0.998770        0
         0.567000         0.998799        0
         0.568000         0.998827        0
         0.569000         0.998855        0
         0.570000         0.998883        0
         0.571000         0.998910        0
         0.572000         0.998936        0
         0.573000         0.998961        0
         0.574000         0.998984        0
         0.575000         0.999005        0
         0.576000         0.999024        0
         0.577000         0.999041        0
         0.578000         0.999055        0
         0.579000         0.999066        0
         0.580000         0.999074        0
         0.581000         0.999080        0
         0.582000         0.999082        0
         0.583000         0.999080        0
         0.584000         0.999075        0
         0.585000         0.999066        0
         0.586000         0.999053        0
         0.587000         0.999035        0
         0.588000         0.999014        0
         0.589000         0.998988        0
         0.590000         0.998957        0
         0.591000         0.998921        0
         0.592000         0.998881        0
         0.593000         0.998835        0
         0.594000         0.998784        0
         0.595000         0.998728        0
         0.596000         0.998666        0
         0.597000         0.998598        0
         0.598000         0.998525        0
         0.599000         0.998446        0
         0.600000         0.998361        0
         0.601000         0.998270        0
         0.602000         0.998172        0
         0.603000         0.998069        0
         0.604000         0.997959        0
         0.605000         0.997843        0
         0.606000         0.997721        0
         0.607000         0.997592        0
         0.608000         0.997456        0
         0.609000         0.997314        0
         0.610000         0.997165        0
         0.611000         0.997010        0
         0.612000         0.996848        0
         0.613000         0.996679        0
         0.614000         0.996504        0
         0.615000         0.996322        0
         0.616000         0.996134        0
         0.617000         0.995939        0
         0.618000         0.995737        0
         0.619000         0.995529        0
         0.620000         0.995315        0
         0.621000         0.995094        0
         0.622000         0.994866        0
         0.623000         0.994633        0
         0.624000         0.994394        0
         0.625000         0.994148        0
         0.626000         0.993897        0
         0.627000         0.993639        0
         0.628000         0.993377        0
         0.629000         0.993108        0
         0.630000         0.992835        0
         0.631000         0.992556        0
         0.632000         0.992272        0
         0.633000         0.991983        0
         0.634000         0.991690        0
         0.635000         0.991393        0
         0.636000         0.991091        0
         0.637000         0.990786        0
         0.638000         0.990477        0
         0.639000         0.990165        0
         0.640000         0.989850        0
         0.641000         0.989532        0
         0.642000         0.989213        0
         0.643000         0.988892        0
         0.644000         0.988569        0
         0.645000         0.988245        0
         0.646000         0.987920        0
         0.647000         0.987594        0
         0.648000         0.987267        0
         0.649000         0.986939        0
         0.650000         0.986611        0
         0.651000         0.986283        0
         0.652000         0.985954        0
         0.653000         0.985626        0
         0.654000         0.985298        0
         0.655000         0.984970        0
         0.656000         0.984644        0
         0.657000         0.984318        0
         0.658000         0.983993        0
         0.659000         0.983669        0
         0.660000         0.983346        0
         0.661000         0.983026        0
         0.662000         0.982706        0
         0.663000         0.982389        0
         0.664000         0.982074        0
         0.665000         0.981761        0
         0.666000         0.981450        0
         0.667000         0.981142        0
         0.668000         0.980837        0
         0.669000         0.980534        0
         0.670000         0.980235        0
         0.671000         0.979939        0
         0.672000         0.979645        0
         0.673000         0.979356        0
         0.674000         0.979070        0
         0.675000         0.978788        0
         0.676000         0.978509        0
         0.677000         0.978235        0
         0.678000         0.977965        0
         0.679000         0.977699        0
         0.680000         0.977437        0
         0.681000         0.977180        0
         0.682000         0.976928        0
         0.683000         0.976680        0
         0.684000         0.976437        0
         0.685000         0.976200        0
         0.686000         0.975967        0
         0.687000         0.975739        0
         0.688000         0.975517        0
         0.689000         0.975301        0
         0.690000         0.975089        0
         0.691000         0.974884        0
         0.692000         0.974684        0
         0.693000         0.974490        0
         0.694000         0.974301        0
         0.695000         0.974119        0
         0.696000         0.973943        0
         0.697000         0.973773        0
         0.698000         0.973609        0
         0.699000         0.973451        0
         0.700000         0.973300        0
         0.701000         0.973155        0
         0.702000         0.973017        0
         0.703000         0.972885        0
         0.704000         0.972759        0
         0.705000         0.972640        0
         0.706000         0.972528        0
         0.707000         0.972423        0
         0.708000         0.972324        0
         0.709000         0.972233        0
         0.710000         0.972148        0
         0.711000         0.972070        0
         0.712000         0.971999        0
         0.713000         0.971935        0
         0.714000         0.971877        0
         0.715000         0.971827        0
         0.716000         0.971784        0
         0.717000         0.971748        0
         0.718000         0.971719        0
         0.719000         0.971697        0
         0.720000         0.971682        0
         0.721000         0.971675        0
         0.722000         0.971674        0
         0.723000         0.971680        0
         0.724000         0.971694        0
         0.725000         0.971714        0
         0.726000         0.971742        0
         0.727000         0.971776        0
         0.728000         0.971818        0
         0.729000         0.971867        0
         0.730000         0.971923        0
         0.731000         0.971985        0
         0.732000         0.972055        0
         0.733000         0.972132        0
         0.734000         0.972215        0
         0.735000         0.972306        0
         0.736000         0.972403        0
         0.737000         0.972507        0
         0.738000         0.972617        0
         0.739000         0.972735        0
         0.740000         0.972859        0
         0.741000         0.972989        0
         0.742000         0.973126        0
         0.743000         0.973270        0
         0.744000         0.973420        0
         0.745000         0.973576        0
         0.746000         0.973738        0
         0.747000         0.973907        0
         0.748000         0.974082        0
         0.749000         0.974263        0
         0.750000         0.974450        0
         0.751000         0.974642        0
         0.752000         0.974841        0
         0.753000         0.975045        0
         0.754000         0.975255        0
         0.755000         0.975470        0
         0.756000         0.975691        0
         0.757000         0.975917        0
         0.758000         0.976148        0
         0.759000         0.976384        0
         0.760000         0.976626        0
         0.761000         0.976872        0
         0.762000         0.977123        0
         0.763000         0.977378        0
         0.764000         0.977638        0
         0.765000         0.977903        0
         0.766000         0.978171        0
         0.767000         0.978444        0
         0.768000         0.978721        0
         0.769000         0.979002        0
         0.770000         0.979286        0
         0.771000         0.979574        0
         0.772000         0.979865        0
         0.773000         0.980160        0
         0.774000         0.980458        0
         0.775000         0.980758        0
         0.776000         0.981062        0
         0.777000         0.981368        0
         0.778000         0.981677        0
         0.779000         0.981988        0
         0.780000         0.982302        0
         0.781000         0.982617        0
         0.782000         0.982934        0
         0.783000         0.983253        0
         0.784000         0.983574        0
         0.785000         0.983895        0
         0.786000         0.984218        0
         0.787000         0.984542        0
         0.788000         0.984867        0
         0.789000         0.985193        0
         0.790000         0.985518        0
         0.791000         0.985844        0
         0.792000         0.986171        0
         0.793000         0.986497        0
         0.794000         0.986823        0
         0.795000         0.987148        0
         0.796000         0.987472        0
         0.797000         0.987796        0
         0.798000         0.988119        0
         0.799000         0.988440        0
         0.800000         0.988761        0
         0.801000         0.989079        0
         0.802000         0.989396        0
         0.803000         0.989710        0
         0.804000         0.990023        0
         0.805000         0.990332        0
         0.806000         0.990638        0
         0.807000         0.990941        0
         0.808000         0.991240        0
         0.809000         0.991535        0
         0.810000         0.991825        0
         0.811000         0.992111        0
         0.812000         0.992392        0
         0.813000         0.992668        0
         0.814000         0.992939        0
         0.815000         0.993204        0
         0.816000         0.993464        0
         0.817000         0.993718        0
         0.818000         0.993967        0
         0.819000         0.994209        0
         0.820000         0.994445        0
         0.821000         0.994676        0
         0.822000         0.994899        0
         0.823000         0.995117        0
         0.824000         0.995328        0
         0.825000         0.995533        0
         0.826000         0.995731        0
         0.827000         0.995923        0
         0.828000         0.996108        0
         0.829000         0.996286        0
         0.830000         0.996457        0
         0.831000         0.996622        0
         0.832000         0.996781        0
         0.833000         0.996932        0
         0.834000         0.997077        0
         0.835000         0.997215        0
         0.836000         0.997347        0
         0.837000         0.997472        0
         0.838000         0.997591        0
         0.839000         0.997703        0
         0.840000         0.997808        0
         0.841000         0.997908        0
         0.842000         0.998001        0
         0.843000         0.998088        0
         0.844000         0.998169        0
         0.845000         0.998244        0
         0.846000         0.998313        0
         0.847000         0.998376        0
         0.848000         0.998433        0
         0.849000         0.998486        0
         0.850000         0.998532        0
         0.851000         0.998574        0
         0.852000         0.998610        0
         0.853000         0.998641        0
         0.854000         0.998668        0
         0.855000         0.998690        0
         0.856000         0.998707        0
         0.857000         0.998720        0
         0.858000         0.998729        0
         0.859000         0.998734        0
         0.860000         0.998734        0
         0.861000         0.998732        0
         0.862000         0.998726        0
         0.863000         0.998716        0
         0.864000         0.998703        0
         0.865000         0.998688        0
         0.866000         0.998670        0
         0.867000         0.998649        0
         0.868000         0.998626        0
         0.869000         0.998601        0
         0.870000         0.998574        0
         0.871000         0.998546        0
         0.872000         0.998516        0
         0.873000         0.998485        0
         0.874000         0.998453        0
         0.875000         0.998422        0
         0.876000         0.998390        0
         0.877000         0.998358        0
         0.878000         0.998325        0
         0.879000         0.998293        0
         0.880000         0.998260        0
         0.881000         0.998227        0
         0.882000         0.998194        0
         0.883000         0.998161        0
         0.884000         0.998128        0
         0.885000         0.998094        0
         0.886000         0.998061        0
         0.887000         0.998027        0
         0.888000         0.997994        0
         0.889000         0.997960        0
         0.890000         0.997926        0
         0.891000         0.997893        0
         0.892000         0.997859        0
         0.893000         0.997825        0
         0.894000         0.997792        0
         0.895000         0.997758        0
         0.896000         0.997724        0
         0.897000         0.997691        0
         0.898000         0.997657        0
         0.899000         0.997624        0
         0.900000         0.997590        0
         0.901000         0.997557        0
         0.902000         0.997524        0
         0.903000         0.997491        0
         0.904000         0.997458        0
         0.905000         0.997425        0
         0.906000         0.997393        0
         0.907000         0.997361        0
         0.908000         0.997328        0
         0.909000         0.997297        0
         0.910000         0.997265        0
         0.911000         0.997234        0
         0.912000         0.997203        0
         0.913000         0.997172        0
         0.914000         0.997141        0
         0.915000         0.997111        0
         0.916000         0.997081        0
         0.917000         0.997052        0
         0.918000         0.997023        0
         0.919000         0.996994        0
         0.920000         0.996966        0
         0.921000         0.996938        0
         0.922000         0.996910        0
         0.923000         0.996883        0
         0.924000         0.996857        0
         0.925000         0.996830        0
         0.926000         0.996805        0
         0.927000         0.996779        0
         0.928000         0.996754        0
         0.929000         0.996730        0
         0.930000         0.996706        0
         0.931000         0.996683        0
         0.932000         0.996661        0
         0.933000         0.996638        0
         0.934000         0.996617        0
         0.935000         0.996596        0
         0.936000         0.996575        0
         0.937000         0.996556        0
         0.938000         0.996536        0
         0.939000         0.996518        0
         0.940000         0.996500        0
         0.941000         0.996483        0
         0.942000         0.996466        0
         0.943000         0.996450        0
         0.944000         0.996435        0
         0.945000         0.996420        0
         0.946000         0.996406        0
         0.947000         0.996392        0
         0.948000         0.996380        0
         0.949000         0.996368        0
         0.950000         0.996357        0
         0.951000         0.996346        0
         0.952000         0.996336        0
         0.953000         0.996327        0
         0.954000         0.996319        0
         0.955000         0.996311        0
         0.956000         0.996304        0
         0.957000         0.996298        0
         0.958000         0.996293        0
         0.959000         0.996288        0
         0.960000         0.996284        0
         0.961000         0.996281        0
         0.962000         0.996278        0
         0.963000         0.996276        0
         0.964000         0.996276        0
         0.965000         0.996275        0
         0.966000         0.996276        0
         0.967000         0.996277        0
         0.968000         0.996279        0
         0.969000         0.996282        0
         0.970000         0.996286        0
         0.971000         0.996290        0
         0.972000         0.996295        0
         0.973000         0.996301        0
         0.974000         0.996307        0
         0.975000         0.996314        0
         0.976000         0.996322        0
         0.977000         0.996331        0
         0.978000         0.996341        0
         0.979000         0.996351        0
         0.980000         0.996362        0
         0.981000         0.996373        0
         0.982000         0.996385        0
         0.983000         0.996398        0
         0.984000         0.996412        0
         0.985000         0.996426        0
         0.986000         0.996441        0
         0.987000         0.996457        0
         0.988000         0.996473        0
         0.989000         0.996490        0
         0.990000         0.996508        0
         0.991000         0.996526        0
         0.992000         0.996545        0
         0.993000         0.996564        0
         0.994000         0.996584        0
         0.995000         0.996605        0
         0.996000         0.996626        0
         0.997000         0.996648        0
         0.998000         0.996671        0
         0.999000         0.996694        0
         1.000000         0.996717        0
         1.001000         0.996741        0
