         0.001000         0.999822        0
         0.002000         0.999832        0
         0.003000         0.999841        0
         0.004000         0.999850        0
         0.005000         0.999858        0
         0.006000         0.999866        0
         0.007000         0.999873        0
         0.008000         0.999880        0
         0.009000         0.999886        0
         0.010000         0.999892        0
         0.011000         0.999897        0
         0.012000         0.999902        0
         0.013000         0.999906        0
         0.014000         0.999910        0
         0.015000         0.999914        0
         0.016000         0.999918        0
         0.017000         0.999921        0
         0.018000         0.999924        0
         0.019000         0.999926        0
         0.020000         0.999929        0
         0.021000         0.999931        0
         0.022000         0.999933        0
         0.023000         0.999935        0
         0.024000         0.999936        0
         0.025000         0.999937        0
         0.026000         0.999938        0
         0.027000         0.999939        0
         0.028000         0.999940        0
         0.029000         0.999940        0
         0.030000         0.999941        0
         0.031000         0.999941        0
         0.032000         0.999941        0
         0.033000         0.999940        0
         0.034000         0.999940        0
         0.035000         0.999939        0
         0.036000         0.999938        0
         0.037000         0.999937        0
         0.038000         0.999936        0
         0.039000         0.999935        0
         0.040000         0.999933        0
         0.041000         0.999931        0
         0.042000         0.999929        0
         0.043000         0.999927        0
         0.044000         0.999924        0
         0.045000         0.999921        0
         0.046000         0.999918        0
         0.047000         0.999915        0
         0.048000         0.999911        0
         0.049000         0.999907        0
         0.050000         0.999902        0
         0.051000         0.999898        0
         0.052000         0.999892        0
         0.053000         0.999887        0
         0.054000         0.999881        0
         0.055000         0.999874        0
         0.056000         0.999867        0
         0.057000         0.999860        0
         0.058000         0.999851        0
         0.059000         0.999843        0
         0.060000         0.999833        0
         0.061000         0.999823        0
         0.062000         0.999812        0
         0.063000         0.999799        0
         0.064000         0.999784        0
         0.065000         0.999766        0
         0.066000         0.999746        0
         0.067000         0.999724        0
         0.068000         0.999698        0
         0.069000         0.999670        0
         0.070000         0.999638        0
         0.071000         0.999602        0
         0.072000         0.999563        0
         0.073000         0.999520        0
         0.074000         0.999473        0
         0.075000         0.999422        0
         0.076000         0.999367        0
         0.077000         0.999307        0
         0.078000         0.999244        0
         0.079000         0.999176        0
         0.080000         0.999104        0
         0.081000         0.999028        0
         0.082000         0.998948        0
         0.083000         0.998865        0
         0.084000         0.998778        0
         0.085000         0.998688        0
         0.086000         0.998594        0
         0.087000         0.998497        0
         0.088000         0.998395        0
         0.089000         0.998290        0
         0.090000         0.998181        0
         0.091000         0.998068        0
         0.092000         0.997951        0
         0.093000         0.997830        0
         0.094000         0.997706        0
         0.095000         0.997577        0
         0.096000         0.997444        0
         0.097000         0.997306        0
         0.098000         0.997165        0
         0.099000         0.997019        0
         0.100000         0.996869        0
         0.101000         0.996714        0
         0.102000         0.996555        0
         0.103000         0.996391        0
         0.104000         0.996223        0
         0.105000         0.996050        0
         0.106000         0.995872        0
         0.107000         0.995689        0
         0.108000         0.995502        0
         0.109000         0.995310        0
         0.110000         0.995112        0
         0.111000         0.994910        0
         0.112000         0.994703        0
         0.113000         0.994490        0
         0.114000         0.994272        0
         0.115000         0.994049        0
         0.116000         0.993821        0
         0.117000         0.993587        0
         0.118000         0.993347        0
         0.119000         0.993102        0
         0.120000         0.992852        0
         0.121000         0.992596        0
         0.122000         0.992334        0
         0.123000         0.992066        0
         0.124000         0.991793        0
         0.125000         0.991513        0
         0.126000         0.991228        0
         0.127000         0.990937        0
         0.128000         0.990639        0
         0.129000         0.990336        0
         0.130000         0.990026        0
         0.131000         0.989711        0
         0.132000         0.989389        0
         0.133000         0.989060        0
         0.134000         0.988726        0
         0.135000         0.988385        0
         0.136000         0.988038        0
         0.137000         0.987684        0
         0.138000         0.987324        0
         0.139000         0.986958        0
         0.140000         0.986585        0
         0.141000         0.986206        0
         0.142000         0.985820        0
         0.143000         0.985427        0
         0.144000         0.985028        0
         0.145000         0.984622        0
         0.146000         0.984210        0
         0.147000         0.983792        0
         0.148000         0.983366        0
         0.149000         0.982935        0
         0.150000         0.982496        0
         0.151000         0.982051        0
         0.152000         0.981600        0
         0.153000         0.981142        0
         0.154000         0.980678        0
         0.155000         0.980207        0
         0.156000         0.979730        0
         0.157000         0.979247        0
         0.158000         0.978757        0
         0.159000         0.978261        0
         0.160000         0.977758        0
         0.161000         0.977250        0
         0.162000         0.976735        0
         0.163000         0.976215        0
         0.164000         0.975688        0
         0.165000         0.975156        0
         0.166000         0.974618        0
         0.167000         0.974074        0
         0.168000         0.973524        0
         0.169000         0.972969        0
         0.170000         0.972408        0
         0.171000         0.971843        0
         0.172000         0.971271        0
         0.173000         0.970695        0
         0.174000         0.970114        0
         0.175000         0.969528        0
         0.176000         0.968937        0
         0.177000         0.968342        0
         0.178000         0.967742        0
         0.179000         0.967137        0
         0.180000         0.966529        0
         0.181000         0.965917        0
         0.182000         0.965300        0
         0.183000         0.964680        0
         0.184000         0.964057        0
         0.185000         0.963430        0
         0.186000         0.962800        0
         0.187000         0.962167        0
         0.188000         0.961531        0
         0.189000         0.960893        0
         0.190000         0.960252        0
         0.191000         0.959609        0
         0.192000         0.958963        0
         0.193000         0.958317        0
         0.194000         0.957668        0
         0.195000         0.957018        0
         0.196000         0.956367        0
         0.197000         0.955715        0
         0.198000         0.955063        0
         0.199000         0.954410        0
         0.200000         0.953756        0
         0.201000         0.953103        0
         0.202000         0.952450        0
         0.203000         0.951797        0
         0.204000         0.951146        0
         0.205000         0.950495        0
         0.206000         0.949845        0
         0.207000         0.949197        0
         0.208000         0.948551        0
         0.209000         0.947907        0
         0.210000         0.947265        0
         0.211000         0.946626        0
         0.212000         0.945990        0
         0.213000         0.945356        0
         0.214000         0.944726        0
         0.215000         0.944100        0
         0.216000         0.943478        0
         0.217000         0.942860        0
         0.218000         0.942246        0
         0.219000         0.941637        0
         0.220000         0.941033        0
         0.221000         0.940435        0
         0.222000         0.939842        0
         0.223000         0.939255        0
         0.224000         0.938674        0
         0.225000         0.938099        0
         0.226000         0.937531        0
         0.227000         0.936970        0
         0.228000         0.936416        0
         0.229000         0.935870        0
         0.230000         0.935332        0
         0.231000         0.934801        0
         0.232000         0.934279        0
         0.233000         0.933765        0
         0.234000         0.933261        0
         0.235000         0.932765        0
         0.236000         0.932279        0
         0.237000         0.931803        0
         0.238000         0.931336        0
         0.239000         0.930879        0
         0.240000         0.930432        0
         0.241000         0.929996        0
         0.242000         0.929569        0
         0.243000         0.929154        0
         0.244000         0.928749        0
         0.245000         0.928356        0
         0.246000         0.927973        0
         0.247000         0.927602        0
         0.248000         0.927242        0
         0.249000         0.926893        0
         0.250000         0.926557        0
         0.251000         0.926232        0
         0.252000         0.925919        0
         0.253000         0.925618        0
         0.254000         0.925329        0
         0.255000         0.925053        0
         0.256000         0.924789        0
         0.257000         0.924537        0
         0.258000         0.924298        0
         0.259000         0.924072        0
         0.260000         0.923858        0
         0.261000         0.923657        0
         0.262000         0.923469        0
         0.263000         0.923294        0
         0.264000         0.923133        0
         0.265000         0.922984        0
         0.266000         0.922848        0
         0.267000         0.922725        0
         0.268000         0.922616        0
         0.269000         0.922520        0
         0.270000         0.922437        0
         0.271000         0.922367        0
         0.272000         0.922311        0
         0.273000         0.922268        0
         0.274000         0.922238        0
         0.275000         0.922222        0
         0.276000         0.922219        0
         0.277000         0.922229        0
         0.278000         0.922252        0
         0.279000         0.922289        0
         0.280000         0.922338        0
         0.281000         0.922401        0
         0.282000         0.922477        0
         0.283000         0.922566        0
         0.284000         0.922669        0
         0.285000         0.922784        0
         0.286000         0.922912        0
         0.287000         0.923052        0
         0.288000         0.923206        0
         0.289000         0.923372        0
         0.290000         0.923551        0
         0.291000         0.923742        0
         0.292000         0.923946        0
         0.293000         0.924162        0
         0.294000         0.924390        0
         0.295000         0.924631        0
         0.296000         0.924883        0
         0.297000         0.925147        0
         0.298000         0.925423        0
         0.299000         0.925711        0
         0.300000         0.926010        0
         0.301000         0.926320        0
         0.302000         0.926641        0
         0.303000         0.926974        0
         0.304000         0.927317        0
         0.305000         0.927672        0
         0.306000         0.928036        0
         0.307000         0.928412        0
         0.308000         0.928797        0
         0.309000         0.929191        0
         0.310000         0.929594        0
         0.311000         0.930007        0
         0.312000         0.930428        0
         0.313000         0.930857        0
         0.314000         0.931295        0
         0.315000         0.931740        0
         0.316000         0.932194        0
         0.317000         0.932656        0
         0.318000         0.933126        0
         0.319000         0.933604        0
         0.320000         0.934089        0
         0.321000         0.934582        0
         0.322000         0.935083        0
         0.323000         0.935591        0
         0.324000         0.936107        0
         0.325000         0.936631        0
         0.326000         0.937163        0
         0.327000         0.937702        0
         0.328000         0.938250        0
         0.329000         0.938805        0
         0.330000         0.939369        0
         0.331000         0.939940        0
         0.332000         0.940518        0
         0.333000         0.941103        0
         0.334000         0.941695        0
         0.335000         0.942293        0
         0.336000         0.942898        0
         0.337000         0.943508        0
         0.338000         0.944123        0
         0.339000         0.944744        0
         0.340000         0.945370        0
         0.341000         0.946000        0
         0.342000         0.946635        0
         0.343000         0.947274        0
         0.344000         0.947916        0
         0.345000         0.948562        0
         0.346000         0.949212        0
         0.347000         0.949864        0
         0.348000         0.950519        0
         0.349000         0.951176        0
         0.350000         0.951835        0
         0.351000         0.952496        0
         0.352000         0.953159        0
         0.353000         0.953823        0
         0.354000         0.954488        0
         0.355000         0.955153        0
         0.356000         0.955819        0
         0.357000         0.956485        0
         0.358000         0.957151        0
         0.359000         0.957817        0
         0.360000         0.958482        0
         0.361000         0.959146        0
         0.362000         0.959810        0
         0.363000         0.960471        0
         0.364000         0.961131        0
         0.365000         0.961790        0
         0.366000         0.962446        0
         0.367000         0.963100        0
         0.368000         0.963751        0
         0.369000         0.964400        0
         0.370000         0.965046        0
         0.371000         0.965688        0
         0.372000         0.966327        0
         0.373000         0.966963        0
         0.374000         0.967595        0
         0.375000         0.968222        0
         0.376000         0.968846        0
         0.377000         0.969465        0
         0.378000         0.970079        0
         0.379000         0.970689        0
         0.380000         0.971294        0
         0.381000         0.971894        0
         0.382000         0.972489        0
         0.383000         0.973078        0
         0.384000         0.973662        0
         0.385000         0.974240        0
         0.386000         0.974812        0
         0.387000         0.975379        0
         0.388000         0.975939        0
         0.389000         0.976493        0
         0.390000         0.977041        0
         0.391000         0.977582        0
         0.392000         0.978117        0
         0.393000         0.978645        0
         0.394000         0.979166        0
         0.395000         0.979681        0
         0.396000         0.980189        0
         0.397000         0.980689        0
         0.398000         0.981183        0
         0.399000         0.981670        0
         0.400000         0.982149        0
         0.401000         0.982621        0
         0.402000         0.983086        0
         0.403000         0.983544        0
         0.404000         0.983994        0
         0.405000         0.984437        0
         0.406000         0.984872        0
         0.407000         0.985300        0
         0.408000         0.985720        0
         0.409000         0.986133        0
         0.410000         0.986539        0
         0.411000         0.986936        0
         0.412000         0.987327        0
         0.413000         0.987710        0
         0.414000         0.988085        0
         0.415000         0.988453        0
         0.416000         0.988813        0
         0.417000         0.989166        0
         0.418000         0.989511        0
         0.419000         0.989849        0
         0.420000         0.990180        0
         0.421000         0.990503        0
         0.422000         0.990819        0
         0.423000         0.991127        0
         0.424000         0.991429        0
         0.425000         0.991723        0
         0.426000         0.992010        0
         0.427000         0.992290        0
         0.428000         0.992564        0
         0.429000         0.992830        0
         0.430000         0.993089        0
         0.431000         0.993342        0
         0.432000         0.993588        0
         0.433000         0.993827        0
         0.434000         0.994060        0
         0.435000         0.994286        0
         0.436000         0.994506        0
         0.437000         0.994720        0
         0.438000         0.994927        0
         0.439000         0.995128        0
         0.440000         0.995324        0
         0.441000         0.995513        0
         0.442000         0.995697        0
         0.443000         0.995874        0
         0.444000         0.996046        0
         0.445000         0.996213        0
         0.446000         0.996374        0
         0.447000         0.996530        0
         0.448000         0.996681        0
         0.449000         0.996826        0
         0.450000         0.996967        0
         0.451000         0.997102        0
         0.452000         0.997233        0
         0.453000         0.997359        0
         0.454000         0.997481        0
         0.455000         0.997598        0
         0.456000         0.997710        0
         0.457000         0.997819        0
         0.458000         0.997923        0
         0.459000         0.998023        0
         0.460000         0.998119        0
         0.461000         0.998211        0
         0.462000         0.998300        0
         0.463000         0.998385        0
         0.464000         0.998466        0
         0.465000         0.998544        0
         0.466000         0.998619        0
         0.467000         0.998690        0
         0.468000         0.998759        0
         0.469000         0.998824        0
         0.470000         0.998886        0
         0.471000         0.998946        0
         0.472000         0.999002        0
         0.473000         0.999056        0
         0.474000         0.999108        0
         0.475000         0.999157        0
         0.476000         0.999204        0
         0.477000         0.999248        0
         0.478000         0.999290        0
         0.479000         0.999330        0
         0.480000         0.999368        0
         0.481000         0.999404        0
         0.482000         0.999439        0
         0.483000         0.999471        0
         0.484000         0.999502        0
         0.485000         0.999531        0
         0.486000         0.999558        0
         0.487000         0.999584        0
         0.488000         0.999609        0
         0.489000         0.999632        0
         0.490000         0.999653        0
         0.491000         0.999674        0
         0.492000         0.999693        0
         0.493000         0.999711        0
         0.494000         0.999728        0
         0.495000         0.999744        0
         0.496000         0.999759        0
         0.497000         0.999774        0
         0.498000         0.999787        0
         0.499000         0.999799        0
         0.500000         0.999811        0
         0.501000         0.999822        0
         0.502000         0.999832        0
         0.503000         0.999841        0
         0.504000         0.999850        0
         0.505000         0.999858        0
         0.506000         0.999866        0
         0.507000         0.999873        0
         0.508000         0.999880        0
         0.509000         0.999886        0
         0.510000         0.999892        0
         0.511000         0.999897        0
         0.512000         0.999902        0
         0.513000         0.999906        0
         0.514000         0.999910        0
         0.515000         0.999914        0
         0.516000         0.999918        0
         0.517000         0.999921        0
         0.518000         0.999924        0
         0.519000         0.999926        0
         0.520000         0.999929        0
         0.521000         0.999931        0
         0.522000         0.999933        0
         0.523000         0.999935        0
         0.524000         0.999936        0
         0.525000         0.999937        0
         0.526000         0.999938        0
         0.527000         0.999939        0
         0.528000         0.999940        0
         0.529000         0.999940        0
         0.530000         0.999941        0
         0.531000         0.999941        0
         0.532000         0.999941        0
         0.533000         0.999940        0
         0.534000         0.999940        0
         0.535000         0.999939        0
         0.536000         0.999938        0
         0.537000         0.999937        0
         0.538000         0.999936        0
         0.539000         0.999935        0
         0.540000         0.999933        0
         0.541000         0.999931        0
         0.542000         0.999929        0
         0.543000         0.999927        0
         0.544000         0.999924        0
         0.545000         0.999921        0
         0.546000         0.999918        0
         0.547000         0.999915        0
         0.548000         0.999911        0
         0.549000         0.999907        0
         0.550000         0.999902        0
         0.551000         0.999898        0
         0.552000         0.999892        0
         0.553000         0.999887        0
         0.554000         0.999881        0
         0.555000         0.999874        0
         0.556000         0.999867        0
         0.557000         0.999860        0
         0.558000         0.999851        0
         0.559000         0.999843        0
         0.560000         0.999833        0
         0.561000         0.999823        0
         0.562000         0.999812        0
         0.563000         0.999799        0
         0.564000         0.999784        0
         0.565000         0.999766        0
         0.566000         0.999746        0
         0.567000         0.999724        0
         0.568000         0.999698        0
         0.569000         0.999670        0
         0.570000         0.999638        0
         0.571000         0.999602        0
         0.572000         0.999563        0
         0.573000         0.999520        0
         0.574000         0.999473        0
         0.575000         0.999422        0
         0.576000         0.999367        0
         0.577000         0.999307        0
         0.578000         0.999244        0
         0.579000         0.999176        0
         0.580000         0.999104        0
         0.581000         0.999028        0
         0.582000         0.998948        0
         0.583000         0.998865        0
         0.584000         0.998778        0
         0.585000         0.998688        0
         0.586000         0.998594        0
         0.587000         0.998497        0
         0.588000         0.998395        0
         0.589000         0.998290        0
         0.590000         0.998181        0
         0.591000         0.998068        0
         0.592000         0.997951        0
         0.593000         0.997830        0
         0.594000         0.997706        0
         0.595000         0.997577        0
         0.596000         0.997444        0
         0.597000         0.997306        0
         0.598000         0.997165        0
         0.599000         0.997019        0
         0.600000         0.996869        0
         0.601000         0.996714        0
         0.602000         0.996555        0
         0.603000         0.996391        0
         0.604000         0.996223        0
         0.605000         0.996050        0
         0.606000         0.995872        0
         0.607000         0.995689        0
         0.608000         0.995502        0
         0.609000         0.995310        0
         0.610000         0.995112        0
         0.611000         0.994910        0
         0.612000         0.994703        0
         0.613000         0.994490        0
         0.614000         0.994272        0
         0.615000         0.994049        0
         0.616000         0.993821        0
         0.617000         0.993587        0
         0.618000         0.993347        0
         0.619000         0.993102        0
         0.620000         0.992852        0
         0.621000         0.992596        0
         0.622000         0.992334        0
         0.623000         0.992066        0
         0.624000         0.991793        0
         0.625000         0.991513        0
         0.626000         0.991228        0
         0.627000         0.990937        0
         0.628000         0.990639        0
         0.629000         0.990336        0
         0.630000         0.990026        0
         0.631000         0.989711        0
         0.632000         0.989389        0
         0.633000         0.989060        0
         0.634000         0.988726        0
         0.635000         0.988385        0
         0.636000         0.988038        0
         0.637000         0.987684        0
         0.638000         0.987324        0
         0.639000         0.986958        0
         0.640000         0.986585        0
         0.641000         0.986206        0
         0.642000         0.985820        0
         0.643000         0.985427        0
         0.644000         0.985028        0
         0.645000         0.984622        0
         0.646000         0.984210        0
         0.647000         0.983792        0
         0.648000         0.983366        0
         0.649000         0.982935        0
         0.650000         0.982496        0
         0.651000         0.982051        0
         0.652000         0.981600        0
         0.653000         0.981142        0
         0.654000         0.980678        0
         0.655000         0.980207        0
         0.656000         0.979730        0
         0.657000         0.979247        0
         0.658000         0.978757        0
         0.659000         0.978261        0
         0.660000         0.977758        0
         0.661000         0.977250        0
         0.662000         0.976735        0
         0.663000         0.976215        0
         0.664000         0.975688        0
         0.665000         0.975156        0
         0.666000         0.974618        0
         0.667000         0.974074        0
         0.668000         0.973524        0
         0.669000         0.972969        0
         0.670000         0.972408        0
         0.671000         0.971843        0
         0.672000         0.971271        0
         0.673000         0.970695        0
         0.674000         0.970114        0
         0.675000         0.969528        0
         0.676000         0.968937        0
         0.677000         0.968342        0
         0.678000         0.967742        0
         0.679000         0.967137        0
         0.680000         0.966529        0
         0.681000         0.965917        0
         0.682000         0.965300        0
         0.683000         0.964680        0
         0.684000         0.964057        0
         0.685000         0.963430        0
         0.686000         0.962800        0
         0.687000         0.962167        0
         0.688000         0.961531        0
         0.689000         0.960893        0
         0.690000         0.960252        0
         0.691000         0.959609        0
         0.692000         0.958963        0
         0.693000         0.958317        0
         0.694000         0.957668        0
         0.695000         0.957018        0
         0.696000         0.956367        0
         0.697000         0.955715        0
         0.698000         0.955063        0
         0.699000         0.954410        0
         0.700000         0.953756        0
         0.701000         0.953103        0
         0.702000         0.952450        0
         0.703000         0.951797        0
         0.704000         0.951146        0
         0.705000         0.950495        0
         0.706000         0.949845        0
         0.707000         0.949197        0
         0.708000         0.948551        0
         0.709000         0.947907        0
         0.710000         0.947265        0
         0.711000         0.946626        0
         0.712000         0.945990        0
         0.713000         0.945356        0
         0.714000         0.944726        0
         0.715000         0.944100        0
         0.716000         0.943478        0
         0.717000         0.942860        0
         0.718000         0.942246        0
         0.719000         0.941637        0
         0.720000         0.941033        0
         0.721000         0.940435        0
         0.722000         0.939842        0
         0.723000         0.939255        0
         0.724000         0.938674        0
         0.725000         0.938099        0
         0.726000         0.937531        0
         0.727000         0.936970        0
         0.728000         0.936416        0
         0.729000         0.935870        0
         0.730000         0.935332        0
         0.731000         0.934801        0
         0.732000         0.934279        0
         0.733000         0.933765        0
         0.734000         0.933261        0
         0.735000         0.932765        0
         0.736000         0.932279        0
         0.737000         0.931803        0
         0.738000         0.931336        0
         0.739000         0.930879        0
         0.740000         0.930432        0
         0.741000         0.929996        0
         0.742000         0.929569        0
         0.743000         0.929154        0
         0.744000         0.928749        0
         0.745000         0.928356        0
         0.746000         0.927973        0
         0.747000         0.927602        0
         0.748000         0.927242        0
         0.749000         0.926893        0
         0.750000         0.926557        0
         0.751000         0.926232        0
         0.752000         0.925919        0
         0.753000         0.925618        0
         0.754000         0.925329        0
         0.755000         0.925053        0
         0.756000         0.924789        0
         0.757000         0.924537        0
         0.758000         0.924298        0
         0.759000         0.924072        0
         0.760000         0.923858        0
         0.761000         0.923657        0
         0.762000         0.923469        0
         0.763000         0.923294        0
         0.764000         0.923133        0
         0.765000         0.922984        0
         0.766000         0.922848        0
         0.767000         0.922725        0
         0.768000         0.922616        0
         0.769000         0.922520        0
         0.770000         0.922437        0
         0.771000         0.922367        0
         0.772000         0.922311        0
         0.773000         0.922268        0
         0.774000         0.922238        0
         0.775000         0.922222        0
         0.776000         0.922219        0
         0.777000         0.922229        0
         0.778000         0.922252        0
         0.779000         0.922289        0
         0.780000         0.922338        0
         0.781000         0.922401        0
         0.782000         0.922477        0
         0.783000         0.922566        0
         0.784000         0.922669        0
         0.785000         0.922784        0
         0.786000         0.922912        0
         0.787000         0.923052        0
         0.788000         0.923206        0
         0.789000         0.923372        0
         0.790000         0.923551        0
         0.791000         0.923742        0
         0.792000         0.923946        0
         0.793000         0.924162        0
         0.794000         0.924390        0
         0.795000         0.924631        0
         0.796000         0.924883        0
         0.797000         0.925147        0
         0.798000         0.925423        0
         0.799000         0.925711        0
         0.800000         0.926010        0
         0.801000         0.926320        0
         0.802000         0.926641        0
         0.803000         0.926974        0
         0.804000         0.927317        0
         0.805000         0.927672        0
         0.806000         0.928036        0
         0.807000         0.928412        0
         0.808000         0.928797        0
         0.809000         0.929191        0
         0.810000         0.929594        0
         0.811000         0.930007        0
         0.812000         0.930428        0
         0.813000         0.930857        0
         0.814000         0.931295        0
         0.815000         0.931740        0
         0.816000         0.932194        0
         0.817000         0.932656        0
         0.818000         0.933126        0
         0.819000         0.933604        0
         0.820000         0.934089        0
         0.821000         0.934582        0
         0.822000         0.935083        0
         0.823000         0.935591        0
         0.824000         0.936107        0
         0.825000         0.936631        0
         0.826000         0.937163        0
         0.827000         0.937702        0
         0.828000         0.938250        0
         0.829000         0.938805        0
         0.830000         0.939369        0
         0.831000         0.939940        0
         0.832000         0.940518        0
         0.833000         0.941103        0
         0.834000         0.941695        0
         0.835000         0.942293        0
         0.836000         0.942898        0
         0.837000         0.943508        0
         0.838000         0.944123        0
         0.839000         0.944744        0
         0.840000         0.945370        0
         0.841000         0.946000        0
         0.842000         0.946635        0
         0.843000         0.947274        0
         0.844000         0.947916        0
         0.845000         0.948562        0
         0.846000         0.949212        0
         0.847000         0.949864        0
         0.848000         0.950519        0
         0.849000         0.951176        0
         0.850000         0.951835        0
         0.851000         0.952496        0
         0.852000         0.953159        0
         0.853000         0.953823        0
         0.854000         0.954488        0
         0.855000         0.955153        0
         0.856000         0.955819        0
         0.857000         0.956485        0
         0.858000         0.957151        0
         0.859000         0.957817        0
         0.860000         0.958482        0
         0.861000         0.959146        0
         0.862000         0.959810        0
         0.863000         0.960471        0
         0.864000         0.961131        0
         0.865000         0.961790        0
         0.866000         0.962446        0
         0.867000         0.963100        0
         0.868000         0.963751        0
         0.869000         0.964400        0
         0.870000         0.965046        0
         0.871000         0.965688        0
         0.872000         0.966327        0
         0.873000         0.966963        0
         0.874000         0.967595        0
         0.875000         0.968222        0
         0.876000         0.968846        0
         0.877000         0.969465        0
         0.878000         0.970079        0
         0.879000         0.970689        0
         0.880000         0.971294        0
         0.881000         0.971894        0
         0.882000         0.972489        0
         0.883000         0.973078        0
         0.884000         0.973662        0
         0.885000         0.974240        0
         0.886000         0.974812        0
         0.887000         0.975379        0
         0.888000         0.975939        0
         0.889000         0.976493        0
         0.890000         0.977041        0
         0.891000         0.977582        0
         0.892000         0.978117        0
         0.893000         0.978645        0
         0.894000         0.979166        0
         0.895000         0.979681        0
         0.896000         0.980189        0
         0.897000         0.980689        0
         0.898000         0.981183        0
         0.899000         0.981670        0
         0.900000         0.982149        0
         0.901000         0.982621        0
         0.902000         0.983086        0
         0.903000         0.983544        0
         0.904000         0.983994        0
         0.905000         0.984437        0
         0.906000         0.984872        0
         0.907000         0.985300        0
         0.908000         0.985720        0
         0.909000         0.986133        0
         0.910000         0.986539        0
         0.911000         0.986936        0
         0.912000         0.987327        0
         0.913000         0.987710        0
         0.914000         0.988085        0
         0.915000         0.988453        0
         0.916000         0.988813        0
         0.917000         0.989166        0
         0.918000         0.989511        0
         0.919000         0.989849        0
         0.920000         0.990180        0
         0.921000         0.990503        0
         0.922000         0.990819        0
         0.923000         0.991127        0
         0.924000         0.991429        0
         0.925000         0.991723        0
         0.926000         0.992010        0
         0.927000         0.992290        0
         0.928000         0.992564        0
         0.929000         0.992830        0
         0.930000         0.993089        0
         0.931000         0.993342        0
         0.932000         0.993588        0
         0.933000         0.993827        0
         0.934000         0.994060        0
         0.935000         0.994286        0
         0.936000         0.994506        0
         0.937000         0.994720        0
         0.938000         0.994927        0
         0.939000         0.995128        0
         0.940000         0.995324        0
         0.941000         0.995513        0
         0.942000         0.995697        0
         0.943000         0.995874        0
         0.944000         0.996046        0
         0.945000         0.996213        0
         0.946000         0.996374        0
         0.947000         0.996530        0
         0.948000         0.996681        0
         0.949000         0.996826        0
         0.950000         0.996967        0
         0.951000         0.997102        0
         0.952000         0.997233        0
         0.953000         0.997359        0
         0.954000         0.997481        0
         0.955000         0.997598        0
         0.956000         0.997710        0
         0.957000         0.997819        0
         0.958000         0.997923        0
         0.959000         0.998023        0
         0.960000         0.998119        0
         0.961000         0.998211        0
         0.962000         0.998300        0
         0.963000         0.998385        0
         0.964000         0.998466        0
         0.965000         0.998544        0
         0.966000         0.998619        0
         0.967000         0.998690        0
         0.968000         0.998759        0
         0.969000         0.998824        0
         0.970000         0.998886        0
         0.971000         0.998946        0
         0.972000         0.999002        0
         0.973000         0.999056        0
         0.974000         0.999108        0
         0.975000         0.999157        0
         0.976000         0.999204        0
         0.977000         0.999248        0
         0.978000         0.999290        0
         0.979000         0.999330        0
         0.980000         0.999368        0
         0.981000         0.999404        0
         0.982000         0.999439        0
         0.983000         0.999471        0
         0.984000         0.999502        0
         0.985000         0.999531        0
         0.986000         0.999558        0
         0.987000         0.999584        0
         0.988000         0.999609        0
         0.989000         0.999632        0
         0.990000         0.999653        0
         0.991000         0.999674        0
         0.992000         0.999693        0
         0.993000         0.999711        0
         0.994000         0.999728        0
         0.995000         0.999744        0
         0.996000         0.999759        0
         0.997000         0.999774        0
         0.998000         0.999787        0
         0.999000         0.999799        0
         1.000000         0.999811        0
         1.001000         0.999822        0
