         0.001000         0.968163        0
         0.002000         0.967807        0
         0.003000         0.967453        0
         0.004000         0.967100        0
         0.005000         0.966750        0
         0.006000         0.966403        0
         0.007000         0.966058        0
         0.008000         0.965715        0
         0.009000         0.965375        0
         0.010000         0.965039        0
         0.011000         0.964705        0
         0.012000         0.964375        0
         0.013000         0.964047        0
         0.014000         0.963724        0
         0.015000         0.963404        0
         0.016000         0.963088        0
         0.017000         0.962775        0
         0.018000         0.962467        0
         0.019000         0.962163        0
         0.020000         0.961863        0
         0.021000         0.961568        0
         0.022000         0.961277        0
         0.023000         0.960990        0
         0.024000         0.960709        0
         0.025000         0.960432        0
         0.026000         0.960161        0
         0.027000         0.959894        0
         0.028000         0.959633        0
         0.029000         0.959377        0
         0.030000         0.959126        0
         0.031000         0.958881        0
         0.032000         0.958641        0
         0.033000         0.958407        0
         0.034000         0.958179        0
         0.035000         0.957957        0
         0.036000         0.957741        0
         0.037000         0.957531        0
         0.038000         0.957327        0
         0.039000         0.957129        0
         0.040000         0.956938        0
         0.041000         0.956753        0
         0.042000         0.956574        0
         0.043000         0.956403        0
         0.044000         0.956237        0
         0.045000         0.956078        0
         0.046000         0.955926        0
         0.047000         0.955781        0
         0.048000         0.955643        0
         0.049000         0.955511        0
         0.050000         0.955387        0
         0.051000         0.955269        0
         0.052000         0.955159        0
         0.053000         0.955056        0
         0.054000         0.954959        0
         0.055000         0.954870        0
         0.056000         0.954789        0
         0.057000         0.954714        0
         0.058000         0.954647        0
         0.059000         0.954587        0
         0.060000         0.954534        0
         0.061000         0.954489        0
         0.062000         0.954451        0
         0.063000         0.954420        0
         0.064000         0.954397        0
         0.065000         0.954381        0
         0.066000         0.954373        0
         0.067000         0.954372        0
         0.068000         0.954378        0
         0.069000         0.954392        0
         0.070000         0.954413        0
         0.071000         0.954442        0
         0.072000         0.954478        0
         0.073000         0.954521        0
         0.074000         0.954572        0
         0.075000         0.954630        0
         0.076000         0.954696        0
         0.077000         0.954769        0
         0.078000         0.954849        0
         0.079000         0.954936        0
         0.080000         0.955031        0
         0.081000         0.955132        0
         0.082000         0.955241        0
         0.083000         0.955357        0
         0.084000         0.955480        0
         0.085000         0.955610        0
         0.086000         0.955747        0
         0.087000         0.955891        0
         0.088000         0.956042        0
         0.089000         0.956200        0
         0.090000         0.956364        0
         0.091000         0.956535        0
         0.092000         0.956713        0
         0.093000         0.956897        0
         0.094000         0.957088        0
         0.095000         0.957285        0
         0.096000         0.957489        0
         0.097000         0.957698        0
         0.098000         0.957914        0
         0.099000         0.958136        0
         0.100000         0.958364        0
         0.101000         0.958598        0
         0.102000         0.958838        0
         0.103000         0.959084        0
         0.104000         0.959335        0
         0.105000         0.959592        0
         0.106000         0.959854        0
         0.107000         0.960121        0
         0.108000         0.960394        0
         0.109000         0.960672        0
         0.110000         0.960955        0
         0.111000         0.961242        0
         0.112000         0.961535        0
         0.113000         0.961832        0
         0.114000         0.962134        0
         0.115000         0.962440        0
         0.116000         0.962751        0
         0.117000         0.963066        0
         0.118000         0.963384        0
         0.119000         0.963707        0
         0.120000         0.964034        0
         0.121000         0.964364        0
         0.122000         0.964698        0
         0.123000         0.965035        0
         0.124000         0.965375        0
         0.125000         0.965719        0
         0.126000         0.966065        0
         0.127000         0.966415        0
         0.128000         0.966767        0
         0.129000         0.967121        0
         0.130000         0.967478        0
         0.131000         0.967838        0
         0.132000         0.968199        0
         0.133000         0.968562        0
         0.134000         0.968927        0
         0.135000         0.969293        0
         0.136000         0.969661        0
         0.137000         0.970029        0
         0.138000         0.970399        0
         0.139000         0.970769        0
         0.140000         0.971139        0
         0.141000         0.971510        0
         0.142000         0.971881        0
         0.143000         0.972251        0
         0.144000         0.972622        0
         0.145000         0.972992        0
         0.146000         0.973361        0
         0.147000         0.973730        0
         0.148000         0.974098        0
         0.149000         0.974465        0
         0.150000         0.974831        0
         0.151000         0.975195        0
         0.152000         0.975558        0
         0.153000         0.975919        0
         0.154000         0.976278        0
         0.155000         0.976636        0
         0.156000         0.976992        0
         0.157000         0.977345        0
         0.158000         0.977696        0
         0.159000         0.978045        0
         0.160000         0.978391        0
         0.161000         0.978734        0
         0.162000         0.979075        0
         0.163000         0.979413        0
         0.164000         0.979748        0
         0.165000         0.980080        0
         0.166000         0.980409        0
         0.167000         0.980734        0
         0.168000         0.981056        0
         0.169000         0.981375        0
         0.170000         0.981690        0
         0.171000         0.982001        0
         0.172000         0.982309        0
         0.173000         0.982613        0
         0.174000         0.982914        0
         0.175000         0.983210        0
         0.176000         0.983502        0
         0.177000         0.983790        0
         0.178000         0.984075        0
         0.179000         0.984355        0
         0.180000         0.984631        0
         0.181000         0.984902        0
         0.182000         0.985170        0
         0.183000         0.985433        0
         0.184000         0.985692        0
         0.185000         0.985946        0
         0.186000         0.986196        0
         0.187000         0.986442        0
         0.188000         0.986683        0
         0.189000         0.986919        0
         0.190000         0.987151        0
         0.191000         0.987379        0
         0.192000         0.987602        0
         0.193000         0.987821        0
         0.194000         0.988035        0
         0.195000         0.988245        0
         0.196000         0.988450        0
         0.197000         0.988650        0
         0.198000         0.988846        0
         0.199000         0.989038        0
         0.200000         0.989225        0
         0.201000         0.989408        0
         0.202000         0.989586        0
         0.203000         0.989760        0
         0.204000         0.989929        0
         0.205000         0.990094        0
         0.206000         0.990255        0
         0.207000         0.990411        0
         0.208000         0.990564        0
         0.209000         0.990712        0
         0.210000         0.990856        0
         0.211000         0.990995        0
         0.212000         0.991131        0
         0.213000         0.991262        0
         0.214000         0.991390        0
         0.215000         0.991513        0
         0.216000         0.991633        0
         0.217000         0.991749        0
         0.218000         0.991861        0
         0.219000         0.991969        0
         0.220000         0.992074        0
         0.221000         0.992175        0
         0.222000         0.992273        0
         0.223000         0.992366        0
         0.224000         0.992457        0
         0.225000         0.992544        0
         0.226000         0.992628        0
         0.227000         0.992709        0
         0.228000         0.992786        0
         0.229000         0.992860        0
         0.230000         0.992932        0
         0.231000         0.993000        0
         0.232000         0.993065        0
         0.233000         0.993128        0
         0.234000         0.993187        0
         0.235000         0.993244        0
         0.236000         0.993299        0
         0.237000         0.993351        0
         0.238000         0.993400        0
         0.239000         0.993447        0
         0.240000         0.993491        0
         0.241000         0.993534        0
         0.242000         0.993574        0
         0.243000         0.993612        0
         0.244000         0.993647        0
         0.245000         0.993681        0
         0.246000         0.993713        0
         0.247000         0.993743        0
         0.248000         0.993771        0
         0.249000         0.993797        0
         0.250000         0.993822        0
         0.251000         0.993845        0
         0.252000         0.993866        0
         0.253000         0.993886        0
         0.254000         0.993905        0
         0.255000         0.993922        0
         0.256000         0.993938        0
         0.257000         0.993952        0
         0.258000         0.993966        0
         0.259000         0.993978        0
         0.260000         0.993989        0
         0.261000         0.993999        0
         0.262000         0.994007        0
         0.263000         0.994015        0
         0.264000         0.994023        0
         0.265000         0.994029        0
         0.266000         0.994034        0
         0.267000         0.994039        0
         0.268000         0.994043        0
         0.269000         0.994046        0
         0.270000         0.994048        0
         0.271000         0.994050        0
         0.272000         0.994051        0
         0.273000         0.994052        0
         0.274000         0.994053        0
         0.275000         0.994052        0
         0.276000         0.994052        0
         0.277000         0.994051        0
         0.278000         0.994049        0
         0.279000         0.994047        0
         0.280000         0.994045        0
         0.281000         0.994043        0
         0.282000         0.994040        0
         0.283000         0.994037        0
         0.284000         0.994034        0
         0.285000         0.994030        0
         0.286000         0.994026        0
         0.287000         0.994023        0
         0.288000         0.994018        0
         0.289000         0.994014        0
         0.290000         0.994010        0
         0.291000         0.994005        0
         0.292000         0.994001        0
         0.293000         0.993996        0
         0.294000         0.993991        0
         0.295000         0.993986        0
         0.296000         0.993981        0
         0.297000         0.993976        0
         0.298000         0.993971        0
         0.299000         0.993966        0
         0.300000         0.993961        0
         0.301000         0.993955        0
         0.302000         0.993950        0
         0.303000         0.993944        0
         0.304000         0.993938        0
         0.305000         0.993933        0
         0.306000         0.993927        0
         0.307000         0.993921        0
         0.308000         0.993915        0
         0.309000         0.993909        0
         0.310000         0.993903        0
         0.311000         0.993897        0
         0.312000         0.993891        0
         0.313000         0.993884        0
         0.314000         0.993878        0
         0.315000         0.993872        0
         0.316000         0.993865        0
         0.317000         0.993859        0
         0.318000         0.993852        0
         0.319000         0.993845        0
         0.320000         0.993838        0
         0.321000         0.993832        0
         0.322000         0.993825        0
         0.323000         0.993818        0
         0.324000         0.993811        0
         0.325000         0.993804        0
         0.326000         0.993797        0
         0.327000         0.993789        0
         0.328000         0.993782        0
         0.329000         0.993775        0
         0.330000         0.993768        0
         0.331000         0.993760        0
         0.332000         0.993753        0
         0.333000         0.993745        0
         0.334000         0.993738        0
         0.335000         0.993730        0
         0.336000         0.993722        0
         0.337000         0.993715        0
         0.338000         0.993707        0
         0.339000         0.993699        0
         0.340000         0.993691        0
         0.341000         0.993683        0
         0.342000         0.993675        0
         0.343000         0.993668        0
         0.344000         0.993660        0
         0.345000         0.993651        0
         0.346000         0.993643        0
         0.347000         0.993635        0
         0.348000         0.993627        0
         0.349000         0.993618        0
         0.350000         0.993610        0
         0.351000         0.993601        0
         0.352000         0.993592        0
         0.353000         0.993583        0
         0.354000         0.993574        0
         0.355000         0.993564        0
         0.356000         0.993554        0
         0.357000         0.993544        0
         0.358000         0.993534        0
         0.359000         0.993523        0
         0.360000         0.993512        0
         0.361000         0.993501        0
         0.362000         0.993489        0
         0.363000         0.993477        0
         0.364000         0.993465        0
         0.365000         0.993452        0
         0.366000         0.993438        0
         0.367000         0.993424        0
         0.368000         0.993409        0
         0.369000         0.993394        0
         0.370000         0.993378        0
         0.371000         0.993361        0
         0.372000         0.993344        0
         0.373000         0.993325        0
         0.374000         0.993306        0
         0.375000         0.993286        0
         0.376000         0.993265        0
         0.377000         0.993243        0
         0.378000         0.993220        0
         0.379000         0.993196        0
         0.380000         0.993170        0
         0.381000         0.993144        0
         0.382000         0.993116        0
         0.383000         0.993087        0
         0.384000         0.993056        0
         0.385000         0.993024        0
         0.386000         0.992991        0
         0.387000         0.992956        0
         0.388000         0.992919        0
         0.389000         0.992881        0
         0.390000         0.992841        0
         0.391000         0.992799        0
         0.392000         0.992755        0
         0.393000         0.992709        0
         0.394000         0.992661        0
         0.395000         0.992612        0
         0.396000         0.992560        0
         0.397000         0.992505        0
         0.398000         0.992449        0
         0.399000         0.992390        0
         0.400000         0.992329        0
         0.401000         0.992265        0
         0.402000         0.992199        0
         0.403000         0.992130        0
         0.404000         0.992058        0
         0.405000         0.991984        0
         0.406000         0.991907        0
         0.407000         0.991827        0
         0.408000         0.991744        0
         0.409000         0.991658        0
         0.410000         0.991569        0
         0.411000         0.991476        0
         0.412000         0.991381        0
         0.413000         0.991282        0
         0.414000         0.991180        0
         0.415000         0.991075        0
         0.416000         0.990966        0
         0.417000         0.990853        0
         0.418000         0.990737        0
         0.419000         0.990618        0
         0.420000         0.990494        0
         0.421000         0.990367        0
         0.422000         0.990236        0
         0.423000         0.990102        0
         0.424000         0.989963        0
         0.425000         0.989821        0
         0.426000         0.989674        0
         0.427000         0.989524        0
         0.428000         0.989369        0
         0.429000         0.989211        0
         0.430000         0.989048        0
         0.431000         0.988881        0
         0.432000         0.988710        0
         0.433000         0.988535        0
         0.434000         0.988356        0
         0.435000         0.988172        0
         0.436000         0.987984        0
         0.437000         0.987792        0
         0.438000         0.987595        0
         0.439000         0.987394        0
         0.440000         0.987189        0
         0.441000         0.986979        0
         0.442000         0.986765        0
         0.443000         0.986547        0
         0.444000         0.986325        0
         0.445000         0.986098        0
         0.446000         0.985866        0
         0.447000         0.985631        0
         0.448000         0.985391        0
         0.449000         0.985147        0
         0.450000         0.984898        0
         0.451000         0.984646        0
         0.452000         0.984389        0
         0.453000         0.984128        0
         0.454000         0.983862        0
         0.455000         0.983593        0
         0.456000         0.983320        0
         0.457000         0.983042        0
         0.458000         0.982761        0
         0.459000         0.982476        0
         0.460000         0.982187        0
         0.461000         0.981894        0
         0.462000         0.981597        0
         0.463000         0.981297        0
         0.464000         0.980993        0
         0.465000         0.980685        0
         0.466000         0.980374        0
         0.467000         0.980060        0
         0.468000         0.979743        0
         0.469000         0.979422        0
         0.470000         0.979098        0
         0.471000         0.978771        0
         0.472000         0.978441        0
         0.473000         0.978108        0
         0.474000         0.977773        0
         0.475000         0.977435        0
         0.476000         0.977095        0
         0.477000         0.976752        0
         0.478000         0.976407        0
         0.479000         0.976059        0
         0.480000         0.975710        0
         0.481000         0.975359        0
         0.482000         0.975006        0
         0.483000         0.974651        0
         0.484000         0.974295        0
         0.485000         0.973938        0
         0.486000         0.973579        0
         0.487000         0.973220        0
         0.488000         0.972859        0
         0.489000         0.972498        0
         0.490000         0.972136        0
         0.491000         0.971774        0
         0.492000         0.971411        0
         0.493000         0.971048        0
         0.494000         0.970686        0
         0.495000         0.970323        0
         0.496000         0.969961        0
         0.497000         0.969599        0
         0.498000         0.969239        0
         0.499000         0.968879        0
         0.500000         0.968520        0
         0.501000         0.968163        0
         0.502000         0.967807        0
         0.503000         0.967453        0
         0.504000         0.967100        0
         0.505000         0.966750        0
         0.506000         0.966403        0
         0.507000         0.966058        0
         0.508000         0.965715        0
         0.509000         0.965375        0
         0.510000         0.965039        0
         0.511000         0.964705        0
         0.512000         0.964375        0
         0.513000         0.964047        0
         0.514000         0.963724        0
         0.515000         0.963404        0
         0.516000         0.963088        0
         0.517000         0.962775        0
         0.518000         0.962467        0
         0.519000         0.962163        0
         0.520000         0.961863        0
         0.521000         0.961568        0
         0.522000         0.961277        0
         0.523000         0.960990        0
         0.524000         0.960709        0
         0.525000         0.960432        0
         0.526000         0.960161        0
         0.527000         0.959894        0
         0.528000         0.959633        0
         0.529000         0.959377        0
         0.530000         0.959126        0
         0.531000         0.958881        0
         0.532000         0.958641        0
         0.533000         0.958407        0
         0.534000         0.958179        0
         0.535000         0.957957        0
         0.536000         0.957741        0
         0.537000         0.957531        0
         0.538000         0.957327        0
         0.539000         0.957129        0
         0.540000         0.956938        0
         0.541000         0.956753        0
         0.542000         0.956574        0
         0.543000         0.956403        0
         0.544000         0.956237        0
         0.545000         0.956078        0
         0.546000         0.955926        0
         0.547000         0.955781        0
         0.548000         0.955643        0
         0.549000         0.955511        0
         0.550000         0.955387        0
         0.551000         0.955269        0
         0.552000         0.955159        0
         0.553000         0.955056        0
         0.554000         0.954959        0
         0.555000         0.954870        0
         0.556000         0.954789        0
         0.557000         0.954714        0
         0.558000         0.954647        0
         0.559000         0.954587        0
         0.560000         0.954534        0
         0.561000         0.954489        0
         0.562000         0.954451        0
         0.563000         0.954420        0
         0.564000         0.954397        0
         0.565000         0.954381        0
         0.566000         0.954373        0
         0.567000         0.954372        0
         0.568000         0.954378        0
         0.569000         0.954392        0
         0.570000         0.954413        0
         0.571000         0.954442        0
         0.572000         0.954478        0
         0.573000         0.954521        0
         0.574000         0.954572        0
         0.575000         0.954630        0
         0.576000         0.954696        0
         0.577000         0.954769        0
         0.578000         0.954849        0
         0.579000         0.954936        0
         0.580000         0.955031        0
         0.581000         0.955132        0
         0.582000         0.955241        0
         0.583000         0.955357        0
         0.584000         0.955480        0
         0.585000         0.955610        0
         0.586000         0.955747        0
         0.587000         0.955891        0
         0.588000         0.956042        0
         0.589000         0.956200        0
         0.590000         0.956364        0
         0.591000         0.956535        0
         0.592000         0.956713        0
         0.593000         0.956897        0
         0.594000         0.957088        0
         0.595000         0.957285        0
         0.596000         0.957489        0
         0.597000         0.957698        0
         0.598000         0.957914        0
         0.599000         0.958136        0
         0.600000         0.958364        0
         0.601000         0.958598        0
         0.602000         0.958838        0
         0.603000         0.959084        0
         0.604000         0.959335        0
         0.605000         0.959592        0
         0.606000         0.959854        0
         0.607000         0.960121        0
         0.608000         0.960394        0
         0.609000         0.960672        0
         0.610000         0.960955        0
         0.611000         0.961242        0
         0.612000         0.961535        0
         0.613000         0.961832        0
         0.614000         0.962134        0
         0.615000         0.962440        0
         0.616000         0.962751        0
         0.617000         0.963066        0
         0.618000         0.963384        0
         0.619000         0.963707        0
         0.620000         0.964034        0
         0.621000         0.964364        0
         0.622000         0.964698        0
         0.623000         0.965035        0
         0.624000         0.965375        0
         0.625000         0.965719        0
         0.626000         0.966065        0
         0.627000         0.966415        0
         0.628000         0.966767        0
         0.629000         0.967121        0
         0.630000         0.967478        0
         0.631000         0.967838        0
         0.632000         0.968199        0
         0.633000         0.968562        0
         0.634000         0.968927        0
         0.635000         0.969293        0
         0.636000         0.969661        0
         0.637000         0.970029        0
         0.638000         0.970399        0
         0.639000         0.970769        0
         0.640000         0.971139        0
         0.641000         0.971510        0
         0.642000         0.971881        0
         0.643000         0.972251        0
         0.644000         0.972622        0
         0.645000         0.972992        0
         0.646000         0.973361        0
         0.647000         0.973730        0
         0.648000         0.974098        0
         0.649000         0.974465        0
         0.650000         0.974831        0
         0.651000         0.975195        0
         0.652000         0.975558        0
         0.653000         0.975919        0
         0.654000         0.976278        0
         0.655000         0.976636        0
         0.656000         0.976992        0
         0.657000         0.977345        0
         0.658000         0.977696        0
         0.659000         0.978045        0
         0.660000         0.978391        0
         0.661000         0.978734        0
         0.662000         0.979075        0
         0.663000         0.979413        0
         0.664000         0.979748        0
         0.665000         0.980080        0
         0.666000         0.980409        0
         0.667000         0.980734        0
         0.668000         0.981056        0
         0.669000         0.981375        0
         0.670000         0.981690        0
         0.671000         0.982001        0
         0.672000         0.982309        0
         0.673000         0.982613        0
         0.674000         0.982914        0
         0.675000         0.983210        0
         0.676000         0.983502        0
         0.677000         0.983790        0
         0.678000         0.984075        0
         0.679000         0.984355        0
         0.680000         0.984631        0
         0.681000         0.984902        0
         0.682000         0.985170        0
         0.683000         0.985433        0
         0.684000         0.985692        0
         0.685000         0.985946        0
         0.686000         0.986196        0
         0.687000         0.986442        0
         0.688000         0.986683        0
         0.689000         0.986919        0
         0.690000         0.987151        0
         0.691000         0.987379        0
         0.692000         0.987602        0
         0.693000         0.987821        0
         0.694000         0.988035        0
         0.695000         0.988245        0
         0.696000         0.988450        0
         0.697000         0.988650        0
         0.698000         0.988846        0
         0.699000         0.989038        0
         0.700000         0.989225        0
         0.701000         0.989408        0
         0.702000         0.989586        0
         0.703000         0.989760        0
         0.704000         0.989929        0
         0.705000         0.990094        0
         0.706000         0.990255        0
         0.707000         0.990411        0
         0.708000         0.990564        0
         0.709000         0.990712        0
         0.710000         0.990856        0
         0.711000         0.990995        0
         0.712000         0.991131        0
         0.713000         0.991262        0
         0.714000         0.991390        0
         0.715000         0.991513        0
         0.716000         0.991633        0
         0.717000         0.991749        0
         0.718000         0.991861        0
         0.719000         0.991969        0
         0.720000         0.992074        0
         0.721000         0.992175        0
         0.722000         0.992273        0
         0.723000         0.992366        0
         0.724000         0.992457        0
         0.725000         0.992544        0
         0.726000         0.992628        0
         0.727000         0.992709        0
         0.728000         0.992786        0
         0.729000         0.992860        0
         0.730000         0.992932        0
         0.731000         0.993000        0
         0.732000         0.993065        0
         0.733000         0.993128        0
         0.734000         0.993187        0
         0.735000         0.993244        0
         0.736000         0.993299        0
         0.737000         0.993351        0
         0.738000         0.993400        0
         0.739000         0.993447        0
         0.740000         0.993491        0
         0.741000         0.993534        0
         0.742000         0.993574        0
         0.743000         0.993612        0
         0.744000         0.993647        0
         0.745000         0.993681        0
         0.746000         0.993713        0
         0.747000         0.993743        0
         0.748000         0.993771        0
         0.749000         0.993797        0
         0.750000         0.993822        0
         0.751000         0.993845        0
         0.752000         0.993866        0
         0.753000         0.993886        0
         0.754000         0.993905        0
         0.755000         0.993922        0
         0.756000         0.993938        0
         0.757000         0.993952        0
         0.758000         0.993966        0
         0.759000         0.993978        0
         0.760000         0.993989        0
         0.761000         0.993999        0
         0.762000         0.994007        0
         0.763000         0.994015        0
         0.764000         0.994023        0
         0.765000         0.994029        0
         0.766000         0.994034        0
         0.767000         0.994039        0
         0.768000         0.994043        0
         0.769000         0.994046        0
         0.770000         0.994048        0
         0.771000         0.994050        0
         0.772000         0.994051        0
         0.773000         0.994052        0
         0.774000         0.994053        0
         0.775000         0.994052        0
         0.776000         0.994052        0
         0.777000         0.994051        0
         0.778000         0.994049        0
         0.779000         0.994047        0
         0.780000         0.994045        0
         0.781000         0.994043        0
         0.782000         0.994040        0
         0.783000         0.994037        0
         0.784000         0.994034        0
         0.785000         0.994030        0
         0.786000         0.994026        0
         0.787000         0.994023        0
         0.788000         0.994018        0
         0.789000         0.994014        0
         0.790000         0.994010        0
         0.791000         0.994005        0
         0.792000         0.994001        0
         0.793000         0.993996        0
         0.794000         0.993991        0
         0.795000         0.993986        0
         0.796000         0.993981        0
         0.797000         0.993976        0
         0.798000         0.993971        0
         0.799000         0.993966        0
         0.800000         0.993961        0
         0.801000         0.993955        0
         0.802000         0.993950        0
         0.803000         0.993944        0
         0.804000         0.993938        0
         0.805000         0.993933        0
         0.806000         0.993927        0
         0.807000         0.993921        0
         0.808000         0.993915        0
         0.809000         0.993909        0
         0.810000         0.993903        0
         0.811000         0.993897        0
         0.812000         0.993891        0
         0.813000         0.993884        0
         0.814000         0.993878        0
         0.815000         0.993872        0
         0.816000         0.993865        0
         0.817000         0.993859        0
         0.818000         0.993852        0
         0.819000         0.993845        0
         0.820000         0.993838        0
         0.821000         0.993832        0
         0.822000         0.993825        0
         0.823000         0.993818        0
         0.824000         0.993811        0
         0.825000         0.993804        0
         0.826000         0.993797        0
         0.827000         0.993789        0
         0.828000         0.993782        0
         0.829000         0.993775        0
         0.830000         0.993768        0
         0.831000         0.993760        0
         0.832000         0.993753        0
         0.833000         0.993745        0
         0.834000         0.993738        0
         0.835000         0.993730        0
         0.836000         0.993722        0
         0.837000         0.993715        0
         0.838000         0.993707        0
         0.839000         0.993699        0
         0.840000         0.993691        0
         0.841000         0.993683        0
         0.842000         0.993675        0
         0.843000         0.993668        0
         0.844000         0.993660        0
         0.845000         0.993651        0
         0.846000         0.993643        0
         0.847000         0.993635        0
         0.848000         0.993627        0
         0.849000         0.993618        0
         0.850000         0.993610        0
         0.851000         0.993601        0
         0.852000         0.993592        0
         0.853000         0.993583        0
         0.854000         0.993574        0
         0.855000         0.993564        0
         0.856000         0.993554        0
         0.857000         0.993544        0
         0.858000         0.993534        0
         0.859000         0.993523        0
         0.860000         0.993512        0
         0.861000         0.993501        0
         0.862000         0.993489        0
         0.863000         0.993477        0
         0.864000         0.993465        0
         0.865000         0.993452        0
         0.866000         0.993438        0
         0.867000         0.993424        0
         0.868000         0.993409        0
         0.869000         0.993394        0
         0.870000         0.993378        0
         0.871000         0.993361        0
         0.872000         0.993344        0
         0.873000         0.993325        0
         0.874000         0.993306        0
         0.875000         0.993286        0
         0.876000         0.993265        0
         0.877000         0.993243        0
         0.878000         0.993220        0
         0.879000         0.993196        0
         0.880000         0.993170        0
         0.881000         0.993144        0
         0.882000         0.993116        0
         0.883000         0.993087        0
         0.884000         0.993056        0
         0.885000         0.993024        0
         0.886000         0.992991        0
         0.887000         0.992956        0
         0.888000         0.992919        0
         0.889000         0.992881        0
         0.890000         0.992841        0
         0.891000         0.992799        0
         0.892000         0.992755        0
         0.893000         0.992709        0
         0.894000         0.992661        0
         0.895000         0.992612        0
         0.896000         0.992560        0
         0.897000         0.992505        0
         0.898000         0.992449        0
         0.899000         0.992390        0
         0.900000         0.992329        0
         0.901000         0.992265        0
         0.902000         0.992199        0
         0.903000         0.992130        0
         0.904000         0.992058        0
         0.905000         0.991984        0
         0.906000         0.991907        0
         0.907000         0.991827        0
         0.908000         0.991744        0
         0.909000         0.991658        0
         0.910000         0.991569        0
         0.911000         0.991476        0
         0.912000         0.991381        0
         0.913000         0.991282        0
         0.914000         0.991180        0
         0.915000         0.991075        0
         0.916000         0.990966        0
         0.917000         0.990853        0
         0.918000         0.990737        0
         0.919000         0.990618        0
         0.920000         0.990494        0
         0.921000         0.990367        0
         0.922000         0.990236        0
         0.923000         0.990102        0
         0.924000         0.989963        0
         0.925000         0.989821        0
         0.926000         0.989674        0
         0.927000         0.989524        0
         0.928000         0.989369        0
         0.929000         0.989211        0
         0.930000         0.989048        0
         0.931000         0.988881        0
         0.932000         0.988710        0
         0.933000         0.988535        0
         0.934000         0.988356        0
         0.935000         0.988172        0
         0.936000         0.987984        0
         0.937000         0.987792        0
         0.938000         0.987595        0
         0.939000         0.987394        0
         0.940000         0.987189        0
         0.941000         0.986979        0
         0.942000         0.986765        0
         0.943000         0.986547        0
         0.944000         0.986325        0
         0.945000         0.986098        0
         0.946000         0.985866        0
         0.947000         0.985631        0
         0.948000         0.985391        0
         0.949000         0.985147        0
         0.950000         0.984898        0
         0.951000         0.984646        0
         0.952000         0.984389        0
         0.953000         0.984128        0
         0.954000         0.983862        0
         0.955000         0.983593        0
         0.956000         0.983320        0
         0.957000         0.983042        0
         0.958000         0.982761        0
         0.959000         0.982476        0
         0.960000         0.982187        0
         0.961000         0.981894        0
         0.962000         0.981597        0
         0.963000         0.981297        0
         0.964000         0.980993        0
         0.965000         0.980685        0
         0.966000         0.980374        0
         0.967000         0.980060        0
         0.968000         0.979743        0
         0.969000         0.979422        0
         0.970000         0.979098        0
         0.971000         0.978771        0
         0.972000         0.978441        0
         0.973000         0.978108        0
         0.974000         0.977773        0
         0.975000         0.977435        0
         0.976000         0.977095        0
         0.977000         0.976752        0
         0.978000         0.976407        0
         0.979000         0.976059        0
         0.980000         0.975710        0
         0.981000         0.975359        0
         0.982000         0.975006        0
         0.983000         0.974651        0
         0.984000         0.974295        0
         0.985000         0.973938        0
         0.986000         0.973579        0
         0.987000         0.973220        0
         0.988000         0.972859        0
         0.989000         0.972498        0
         0.990000         0.972136        0
         0.991000         0.971774        0
         0.992000         0.971411        0
         0.993000         0.971048        0
         0.994000         0.970686        0
         0.995000         0.970323        0
         0.996000         0.969961        0
         0.997000         0.969599        0
         0.998000         0.969239        0
         0.999000         0.968879        0
         1.000000         0.968520        0
         1.001000         0.968163        0
