         0.001000         0.997396        0
         0.002000         0.997422        0
         0.003000         0.997448        0
         0.004000         0.997474        0
         0.005000         0.997501        0
         0.006000         0.997527        0
         0.007000         0.997554        0
         0.008000         0.997581        0
         0.009000         0.997608        0
         0.010000         0.997636        0
         0.011000         0.997663        0
         0.012000         0.997690        0
         0.013000         0.997718        0
         0.014000         0.997746        0
         0.015000         0.997773        0
         0.016000         0.997801        0
         0.017000         0.997829        0
         0.018000         0.997857        0
         0.019000         0.997885        0
         0.020000         0.997912        0
         0.021000         0.997940        0
         0.022000         0.997968        0
         0.023000         0.997996        0
         0.024000         0.998024        0
         0.025000         0.998052        0
         0.026000         0.998079        0
         0.027000         0.998107        0
         0.028000         0.998135        0
         0.029000         0.998162        0
         0.030000         0.998189        0
         0.031000         0.998217        0
         0.032000         0.998244        0
         0.033000         0.998271        0
         0.034000         0.998298        0
         0.035000         0.998325        0
         0.036000         0.998351        0
         0.037000         0.998378        0
         0.038000         0.998404        0
         0.039000         0.998430        0
         0.040000         0.998456        0
         0.041000         0.998482        0
         0.042000         0.998507        0
         0.043000         0.998532        0
         0.044000         0.998557        0
         0.045000         0.998582        0
         0.046000         0.998607        0
         0.047000         0.998631        0
         0.048000         0.998655        0
         0.049000         0.998679        0
         0.050000         0.998703        0
         0.051000         0.998726        0
         0.052000         0.998749        0
         0.053000         0.998772        0
         0.054000         0.998795        0
         0.055000         0.998817        0
         0.056000         0.998839        0
         0.057000         0.998861        0
         0.058000         0.998882        0
         0.059000         0.998903        0
         0.060000         0.998924        0
         0.061000         0.998945        0
         0.062000         0.998965        0
         0.063000         0.998985        0
         0.064000         0.999005        0
         0.065000         0.999024        0
         0.066000         0.999043        0
         0.067000         0.999062        0
         0.068000         0.999080        0
         0.069000         0.999098        0
         0.070000         0.999116        0
         0.071000         0.999133        0
         0.072000         0.999151        0
         0.073000         0.999167        0
         0.074000         0.999184        0
         0.075000         0.999200        0
         0.076000         0.999216        0
         0.077000         0.999232        0
         0.078000         0.999247        0
         0.079000         0.999262        0
         0.080000         0.999277        0
         0.081000         0.999291        0
         0.082000         0.999305        0
         0.083000         0.999319        0
         0.084000         0.999332        0
         0.085000         0.999345        0
         0.086000         0.999358        0
         0.087000         0.999371        0
         0.088000         0.999383        0
         0.089000         0.999395        0
         0.090000         0.999407        0
         0.091000         0.999418        0
         0.092000         0.999429        0
         0.093000         0.999440        0
         0.094000         0.999451        0
         0.095000         0.999461        0
         0.096000         0.999471        0
         0.097000         0.999481        0
         0.098000         0.999491        0
         0.099000         0.999500        0
         0.100000         0.999509        0
         0.101000         0.999518        0
         0.102000         0.999526        0
         0.103000         0.999535        0
         0.104000         0.999543        0
         0.105000         0.999551        0
         0.106000         0.999558        0
         0.107000         0.999566        0
         0.108000         0.999573        0
         0.109000         0.999580        0
         0.110000         0.999587        0
         0.111000         0.999594        0
         0.112000         0.999600        0
         0.113000         0.999607        0
         0.114000         0.999613        0
         0.115000         0.999619        0
         0.116000         0.999624        0
         0.117000         0.999630        0
         0.118000         0.999635        0
         0.119000         0.999641        0
         0.120000         0.999646        0
         0.121000         0.999651        0
         0.122000         0.999656        0
         0.123000         0.999660        0
         0.124000         0.999665        0
         0.125000         0.999669        0
         0.126000         0.999673        0
         0.127000         0.999678        0
         0.128000         0.999682        0
         0.129000         0.999686        0
         0.130000         0.999689        0
         0.131000         0.999693        0
         0.132000         0.999697        0
         0.133000         0.999700        0
         0.134000         0.999704        0
         0.135000         0.999707        0
         0.136000         0.999710        0
         0.137000         0.999714        0
         0.138000         0.999717        0
         0.139000         0.999720        0
         0.140000         0.999723        0
         0.141000         0.999726        0
         0.142000         0.999728        0
         0.143000         0.999731        0
         0.144000         0.999734        0
         0.145000         0.999737        0
         0.146000         0.999739        0
         0.147000         0.999742        0
         0.148000         0.999744        0
         0.149000         0.999747        0
         0.150000         0.999749        0
         0.151000         0.999752        0
         0.152000         0.999754        0
         0.153000         0.999756        0
         0.154000         0.999759        0
         0.155000         0.999761        0
         0.156000         0.999763        0
         0.157000         0.999765        0
         0.158000         0.999767        0
         0.159000         0.999770        0
         0.160000         0.999772        0
         0.161000         0.999774        0
         0.162000         0.999776        0
         0.163000         0.999778        0
         0.164000         0.999780        0
         0.165000         0.999782        0
         0.166000         0.999784        0
         0.167000         0.999786        0
         0.168000         0.999788        0
         0.169000         0.999790        0
         0.170000         0.999792        0
         0.171000         0.999794        0
         0.172000         0.999796        0
         0.173000         0.999798        0
         0.174000         0.999800        0
         0.175000         0.999802        0
         0.176000         0.999804        0
         0.177000         0.999806        0
         0.178000         0.999808        0
         0.179000         0.999810        0
         0.180000         0.999812        0
         0.181000         0.999814        0
         0.182000         0.999816        0
         0.183000         0.999818        0
         0.184000         0.999820        0
         0.185000         0.999822        0
         0.186000         0.999824        0
         0.187000         0.999826        0
         0.188000         0.999828        0
         0.189000         0.999830        0
         0.190000         0.999832        0
         0.191000         0.999834        0
         0.192000         0.999836        0
         0.193000         0.999838        0
         0.194000         0.999839        0
         0.195000         0.999841        0
         0.196000         0.999843        0
         0.197000         0.999845        0
         0.198000         0.999847        0
         0.199000         0.999849        0
         0.200000         0.999851        0
         0.201000         0.999853        0
         0.202000         0.999855        0
         0.203000         0.999856        0
         0.204000         0.999858        0
         0.205000         0.999860        0
         0.206000         0.999862        0
         0.207000         0.999864        0
         0.208000         0.999865        0
         0.209000         0.999867        0
         0.210000         0.999869        0
         0.211000         0.999871        0
         0.212000         0.999872        0
         0.213000         0.999874        0
         0.214000         0.999876        0
         0.215000         0.999877        0
         0.216000         0.999879        0
         0.217000         0.999881        0
         0.218000         0.999882        0
         0.219000         0.999884        0
         0.220000         0.999885        0
         0.221000         0.999887        0
         0.222000         0.999888        0
         0.223000         0.999890        0
         0.224000         0.999891        0
         0.225000         0.999892        0
         0.226000         0.999894        0
         0.227000         0.999895        0
         0.228000         0.999896        0
         0.229000         0.999897        0
         0.230000         0.999899        0
         0.231000         0.999900        0
         0.232000         0.999901        0
         0.233000         0.999902        0
         0.234000         0.999903        0
         0.235000         0.999904        0
         0.236000         0.999904        0
         0.237000         0.999905        0
         0.238000         0.999906        0
         0.239000         0.999907        0
         0.240000         0.999907        0
         0.241000         0.999908        0
         0.242000         0.999908        0
         0.243000         0.999909        0
         0.244000         0.999909        0
         0.245000         0.999909        0
         0.246000         0.999909        0
         0.247000         0.999909        0
         0.248000         0.999909        0
         0.249000         0.999909        0
         0.250000         0.999909        0
         0.251000         0.999908        0
         0.252000         0.999908        0
         0.253000         0.999907        0
         0.254000         0.999907        0
         0.255000         0.999906        0
         0.256000         0.999905        0
         0.257000         0.999904        0
         0.258000         0.999903        0
         0.259000         0.999901        0
         0.260000         0.999900        0
         0.261000         0.999898        0
         0.262000         0.999897        0
         0.263000         0.999895        0
         0.264000         0.999893        0
         0.265000         0.999890        0
         0.266000         0.999888        0
         0.267000         0.999886        0
         0.268000         0.999883        0
         0.269000         0.999880        0
         0.270000         0.999877        0
         0.271000         0.999874        0
         0.272000         0.999870        0
         0.273000         0.999867        0
         0.274000         0.999863        0
         0.275000         0.999859        0
         0.276000         0.999855        0
         0.277000         0.999850        0
         0.278000         0.999846        0
         0.279000         0.999841        0
         0.280000         0.999836        0
         0.281000         0.999830        0
         0.282000         0.999825        0
         0.283000         0.999819        0
         0.284000         0.999813        0
         0.285000         0.999807        0
         0.286000         0.999800        0
         0.287000         0.999793        0
         0.288000         0.999786        0
         0.289000         0.999779        0
         0.290000         0.999771        0
         0.291000         0.999763        0
         0.292000         0.999755        0
         0.293000         0.999747        0
         0.294000         0.999738        0
         0.295000         0.999729        0
         0.296000         0.999720        0
         0.297000         0.999710        0
         0.298000         0.999700        0
         0.299000         0.999690        0
         0.300000         0.999679        0
         0.301000         0.999669        0
         0.302000         0.999657        0
         0.303000         0.999646        0
         0.304000         0.999634        0
         0.305000         0.999622        0
         0.306000         0.999610        0
         0.307000         0.999597        0
         0.308000         0.999584        0
         0.309000         0.999570        0
         0.310000         0.999556        0
         0.311000         0.999542        0
         0.312000         0.999528        0
         0.313000         0.999513        0
         0.314000         0.999498        0
         0.315000         0.999482        0
         0.316000         0.999466        0
         0.317000         0.999450        0
         0.318000         0.999433        0
         0.319000         0.999417        0
         0.320000         0.999399        0
         0.321000         0.999382        0
         0.322000         0.999364        0
         0.323000         0.999345        0
         0.324000         0.999327        0
         0.325000         0.999308        0
         0.326000         0.999288        0
         0.327000         0.999269        0
         0.328000         0.999249        0
         0.329000         0.999228        0
         0.330000         0.999208        0
         0.331000         0.999187        0
         0.332000         0.999165        0
         0.333000         0.999143        0
         0.334000         0.999121        0
         0.335000         0.999099        0
         0.336000         0.999076        0
         0.337000         0.999053        0
         0.338000         0.999030        0
         0.339000         0.999006        0
         0.340000         0.998983        0
         0.341000         0.998958        0
         0.342000         0.998934        0
         0.343000         0.998909        0
         0.344000         0.998884        0
         0.345000         0.998859        0
         0.346000         0.998833        0
         0.347000         0.998807        0
         0.348000         0.998781        0
         0.349000         0.998754        0
         0.350000         0.998728        0
         0.351000         0.998701        0
         0.352000         0.998674        0
         0.353000         0.998646        0
         0.354000         0.998619        0
         0.355000         0.998591        0
         0.356000         0.998563        0
         0.357000         0.998535        0
         0.358000         0.998507        0
         0.359000         0.998478        0
         0.360000         0.998449        0
         0.361000         0.998421        0
         0.362000         0.998392        0
         0.363000         0.998363        0
         0.364000         0.998333        0
         0.365000         0.998304        0
         0.366000         0.998275        0
         0.367000         0.998245        0
         0.368000         0.998216        0
         0.369000         0.998186        0
         0.370000         0.998156        0
         0.371000         0.998126        0
         0.372000         0.998097        0
         0.373000         0.998067        0
         0.374000         0.998037        0
         0.375000         0.998007        0
         0.376000         0.997977        0
         0.377000         0.997948        0
         0.378000         0.997918        0
         0.379000         0.997888        0
         0.380000         0.997858        0
         0.381000         0.997829        0
         0.382000         0.997799        0
         0.383000         0.997770        0
         0.384000         0.997741        0
         0.385000         0.997712        0
         0.386000         0.997683        0
         0.387000         0.997654        0
         0.388000         0.997625        0
         0.389000         0.997596        0
         0.390000         0.997568        0
         0.391000         0.997540        0
         0.392000         0.997512        0
         0.393000         0.997484        0
         0.394000         0.997457        0
         0.395000         0.997430        0
         0.396000         0.997403        0
         0.397000         0.997376        0
         0.398000         0.997349        0
         0.399000         0.997323        0
         0.400000         0.997298        0
         0.401000         0.997272        0
         0.402000         0.997247        0
         0.403000         0.997222        0
         0.404000         0.997198        0
         0.405000         0.997174        0
         0.406000         0.997150        0
         0.407000         0.997127        0
         0.408000         0.997104        0
         0.409000         0.997081        0
         0.410000         0.997059        0
         0.411000         0.997037        0
         0.412000         0.997016        0
         0.413000         0.996995        0
         0.414000         0.996975        0
         0.415000         0.996955        0
         0.416000         0.996936        0
         0.417000         0.996917        0
         0.418000         0.996899        0
         0.419000         0.996881        0
         0.420000         0.996864        0
         0.421000         0.996847        0
         0.422000         0.996831        0
         0.423000         0.996815        0
         0.424000         0.996800        0
         0.425000         0.996785        0
         0.426000         0.996771        0
         0.427000         0.996758        0
         0.428000         0.996745        0
         0.429000         0.996733        0
         0.430000         0.996721        0
         0.431000         0.996710        0
         0.432000         0.996699        0
         0.433000         0.996690        0
         0.434000         0.996680        0
         0.435000         0.996672        0
         0.436000         0.996664        0
         0.437000         0.996656        0
         0.438000         0.996649        0
         0.439000         0.996643        0
         0.440000         0.996638        0
         0.441000         0.996633        0
         0.442000         0.996628        0
         0.443000         0.996625        0
         0.444000         0.996622        0
         0.445000         0.996620        0
         0.446000         0.996618        0
         0.447000         0.996617        0
         0.448000         0.996616        0
         0.449000         0.996617        0
         0.450000         0.996617        0
         0.451000         0.996619        0
         0.452000         0.996621        0
         0.453000         0.996624        0
         0.454000         0.996627        0
         0.455000         0.996631        0
         0.456000         0.996636        0
         0.457000         0.996641        0
         0.458000         0.996647        0
         0.459000         0.996654        0
         0.460000         0.996661        0
         0.461000         0.996668        0
         0.462000         0.996677        0
         0.463000         0.996686        0
         0.464000         0.996695        0
         0.465000         0.996705        0
         0.466000         0.996716        0
         0.467000         0.996727        0
         0.468000         0.996739        0
         0.469000         0.996752        0
         0.470000         0.996765        0
         0.471000         0.996778        0
         0.472000         0.996792        0
         0.473000         0.996807        0
         0.474000         0.996822        0
         0.475000         0.996838        0
         0.476000         0.996854        0
         0.477000         0.996871        0
         0.478000         0.996888        0
         0.479000         0.996906        0
         0.480000         0.996924        0
         0.481000         0.996942        0
         0.482000         0.996961        0
         0.483000         0.996981        0
         0.484000         0.997001        0
         0.485000         0.997021        0
         0.486000         0.997042        0
         0.487000         0.997063        0
         0.488000         0.997085        0
         0.489000         0.997107        0
         0.490000         0.997129        0
         0.491000         0.997152        0
         0.492000         0.997175        0
         0.493000         0.997198        0
         0.494000         0.997222        0
         0.495000         0.997246        0
         0.496000         0.997270        0
         0.497000         0.997295        0
         0.498000         0.997320        0
         0.499000         0.997345        0
         0.500000         0.997370        0
         0.501000         0.997396        0
         0.502000         0.997422        0
         0.503000         0.997448        0
         0.504000         0.997474        0
         0.505000         0.997501        0
         0.506000         0.997527        0
         0.507000         0.997554        0
         0.508000         0.997581        0
         0.509000         0.997608        0
         0.510000         0.997636        0
         0.511000         0.997663        0
         0.512000         0.997690        0
         0.513000         0.997718        0
         0.514000         0.997746        0
         0.515000         0.997773        0
         0.516000         0.997801        0
         0.517000         0.997829        0
         0.518000         0.997857        0
         0.519000         0.997885        0
         0.520000         0.997912        0
         0.521000         0.997940        0
         0.522000         0.997968        0
         0.523000         0.997996        0
         0.524000         0.998024        0
         0.525000         0.998052        0
         0.526000         0.998079        0
         0.527000         0.998107        0
         0.528000         0.998135        0
         0.529000         0.998162        0
         0.530000         0.998189        0
         0.531000         0.998217        0
         0.532000         0.998244        0
         0.533000         0.998271        0
         0.534000         0.998298        0
         0.535000         0.998325        0
         0.536000         0.998351        0
         0.537000         0.998378        0
         0.538000         0.998404        0
         0.539000         0.998430        0
         0.540000         0.998456        0
         0.541000         0.998482        0
         0.542000         0.998507        0
         0.543000         0.998532        0
         0.544000         0.998557        0
         0.545000         0.998582        0
         0.546000         0.998607        0
         0.547000         0.998631        0
         0.548000         0.998655        0
         0.549000         0.998679        0
         0.550000         0.998703        0
         0.551000         0.998726        0
         0.552000         0.998749        0
         0.553000         0.998772        0
         0.554000         0.998795        0
         0.555000         0.998817        0
         0.556000         0.998839        0
         0.557000         0.998861        0
         0.558000         0.998882        0
         0.559000         0.998903        0
         0.560000         0.998924        0
         0.561000         0.998945        0
         0.562000         0.998965        0
         0.563000         0.998985        0
         0.564000         0.999005        0
         0.565000         0.999024        0
         0.566000         0.999043        0
         0.567000         0.999062        0
         0.568000         0.999080        0
         0.569000         0.999098        0
         0.570000         0.999116        0
         0.571000         0.999133        0
         0.572000         0.999151        0
         0.573000         0.999167        0
         0.574000         0.999184        0
         0.575000         0.999200        0
         0.576000         0.999216        0
         0.577000         0.999232        0
         0.578000         0.999247        0
         0.579000         0.999262        0
         0.580000         0.999277        0
         0.581000         0.999291        0
         0.582000         0.999305        0
         0.583000         0.999319        0
         0.584000         0.999332        0
         0.585000         0.999345        0
         0.586000         0.999358        0
         0.587000         0.999371        0
         0.588000         0.999383        0
         0.589000         0.999395        0
         0.590000         0.999407        0
         0.591000         0.999418        0
         0.592000         0.999429        0
         0.593000         0.999440        0
         0.594000         0.999451        0
         0.595000         0.999461        0
         0.596000         0.999471        0
         0.597000         0.999481        0
         0.598000         0.999491        0
         0.599000         0.999500        0
         0.600000         0.999509        0
         0.601000         0.999518        0
         0.602000         0.999526        0
         0.603000         0.999535        0
         0.604000         0.999543        0
         0.605000         0.999551        0
         0.606000         0.999558        0
         0.607000         0.999566        0
         0.608000         0.999573        0
         0.609000         0.999580        0
         0.610000         0.999587        0
         0.611000         0.999594        0
         0.612000         0.999600        0
         0.613000         0.999607        0
         0.614000         0.999613        0
         0.615000         0.999619        0
         0.616000         0.999624        0
         0.617000         0.999630        0
         0.618000         0.999635        0
         0.619000         0.999641        0
         0.620000         0.999646        0
         0.621000         0.999651        0
         0.622000         0.999656        0
         0.623000         0.999660        0
         0.624000         0.999665        0
         0.625000         0.999669        0
         0.626000         0.999673        0
         0.627000         0.999678        0
         0.628000         0.999682        0
         0.629000         0.999686        0
         0.630000         0.999689        0
         0.631000         0.999693        0
         0.632000         0.999697        0
         0.633000         0.999700        0
         0.634000         0.999704        0
         0.635000         0.999707        0
         0.636000         0.999710        0
         0.637000         0.999714        0
         0.638000         0.999717        0
         0.639000         0.999720        0
         0.640000         0.999723        0
         0.641000         0.999726        0
         0.642000         0.999728        0
         0.643000         0.999731        0
         0.644000         0.999734        0
         0.645000         0.999737        0
         0.646000         0.999739        0
         0.647000         0.999742        0
         0.648000         0.999744        0
         0.649000         0.999747        0
         0.650000         0.999749        0
         0.651000         0.999752        0
         0.652000         0.999754        0
         0.653000         0.999756        0
         0.654000         0.999759        0
         0.655000         0.999761        0
         0.656000         0.999763        0
         0.657000         0.999765        0
         0.658000         0.999767        0
         0.659000         0.999770        0
         0.660000         0.999772        0
         0.661000         0.999774        0
         0.662000         0.999776        0
         0.663000         0.999778        0
         0.664000         0.999780        0
         0.665000         0.999782        0
         0.666000         0.999784        0
         0.667000         0.999786        0
         0.668000         0.999788        0
         0.669000         0.999790        0
         0.670000         0.999792        0
         0.671000         0.999794        0
         0.672000         0.999796        0
         0.673000         0.999798        0
         0.674000         0.999800        0
         0.675000         0.999802        0
         0.676000         0.999804        0
         0.677000         0.999806        0
         0.678000         0.999808        0
         0.679000         0.999810        0
         0.680000         0.999812        0
         0.681000         0.999814        0
         0.682000         0.999816        0
         0.683000         0.999818        0
         0.684000         0.999820        0
         0.685000         0.999822        0
         0.686000         0.999824        0
         0.687000         0.999826        0
         0.688000         0.999828        0
         0.689000         0.999830        0
         0.690000         0.999832        0
         0.691000         0.999834        0
         0.692000         0.999836        0
         0.693000         0.999838        0
         0.694000         0.999839        0
         0.695000         0.999841        0
         0.696000         0.999843        0
         0.697000         0.999845        0
         0.698000         0.999847        0
         0.699000         0.999849        0
         0.700000         0.999851        0
         0.701000         0.999853        0
         0.702000         0.999855        0
         0.703000         0.999856        0
         0.704000         0.999858        0
         0.705000         0.999860        0
         0.706000         0.999862        0
         0.707000         0.999864        0
         0.708000         0.999865        0
         0.709000         0.999867        0
         0.710000         0.999869        0
         0.711000         0.999871        0
         0.712000         0.999872        0
         0.713000         0.999874        0
         0.714000         0.999876        0
         0.715000         0.999877        0
         0.716000         0.999879        0
         0.717000         0.999881        0
         0.718000         0.999882        0
         0.719000         0.999884        0
         0.720000         0.999885        0
         0.721000         0.999887        0
         0.722000         0.999888        0
         0.723000         0.999890        0
         0.724000         0.999891        0
         0.725000         0.999892        0
         0.726000         0.999894        0
         0.727000         0.999895        0
         0.728000         0.999896        0
         0.729000         0.999897        0
         0.730000         0.999899        0
         0.731000         0.999900        0
         0.732000         0.999901        0
         0.733000         0.999902        0
         0.734000         0.999903        0
         0.735000         0.999904        0
         0.736000         0.999904        0
         0.737000         0.999905        0
         0.738000         0.999906        0
         0.739000         0.999907        0
         0.740000         0.999907        0
         0.741000         0.999908        0
         0.742000         0.999908        0
         0.743000         0.999909        0
         0.744000         0.999909        0
         0.745000         0.999909        0
         0.746000         0.999909        0
         0.747000         0.999909        0
         0.748000         0.999909        0
         0.749000         0.999909        0
         0.750000         0.999909        0
         0.751000         0.999908        0
         0.752000         0.999908        0
         0.753000         0.999907        0
         0.754000         0.999907        0
         0.755000         0.999906        0
         0.756000         0.999905        0
         0.757000         0.999904        0
         0.758000         0.999903        0
         0.759000         0.999901        0
         0.760000         0.999900        0
         0.761000         0.999898        0
         0.762000         0.999897        0
         0.763000         0.999895        0
         0.764000         0.999893        0
         0.765000         0.999890        0
         0.766000         0.999888        0
         0.767000         0.999886        0
         0.768000         0.999883        0
         0.769000         0.999880        0
         0.770000         0.999877        0
         0.771000         0.999874        0
         0.772000         0.999870        0
         0.773000         0.999867        0
         0.774000         0.999863        0
         0.775000         0.999859        0
         0.776000         0.999855        0
         0.777000         0.999850        0
         0.778000         0.999846        0
         0.779000         0.999841        0
         0.780000         0.999836        0
         0.781000         0.999830        0
         0.782000         0.999825        0
         0.783000         0.999819        0
         0.784000         0.999813        0
         0.785000         0.999807        0
         0.786000         0.999800        0
         0.787000         0.999793        0
         0.788000         0.999786        0
         0.789000         0.999779        0
         0.790000         0.999771        0
         0.791000         0.999763        0
         0.792000         0.999755        0
         0.793000         0.999747        0
         0.794000         0.999738        0
         0.795000         0.999729        0
         0.796000         0.999720        0
         0.797000         0.999710        0
         0.798000         0.999700        0
         0.799000         0.999690        0
         0.800000         0.999679        0
         0.801000         0.999669        0
         0.802000         0.999657        0
         0.803000         0.999646        0
         0.804000         0.999634        0
         0.805000         0.999622        0
         0.806000         0.999610        0
         0.807000         0.999597        0
         0.808000         0.999584        0
         0.809000         0.999570        0
         0.810000         0.999556        0
         0.811000         0.999542        0
         0.812000         0.999528        0
         0.813000         0.999513        0
         0.814000         0.999498        0
         0.815000         0.999482        0
         0.816000         0.999466        0
         0.817000         0.999450        0
         0.818000         0.999433        0
         0.819000         0.999417        0
         0.820000         0.999399        0
         0.821000         0.999382        0
         0.822000         0.999364        0
         0.823000         0.999345        0
         0.824000         0.999327        0
         0.825000         0.999308        0
         0.826000         0.999288        0
         0.827000         0.999269        0
         0.828000         0.999249        0
         0.829000         0.999228        0
         0.830000         0.999208        0
         0.831000         0.999187        0
         0.832000         0.999165        0
         0.833000         0.999143        0
         0.834000         0.999121        0
         0.835000         0.999099        0
         0.836000         0.999076        0
         0.837000         0.999053        0
         0.838000         0.999030        0
         0.839000         0.999006        0
         0.840000         0.998983        0
         0.841000         0.998958        0
         0.842000         0.998934        0
         0.843000         0.998909        0
         0.844000         0.998884        0
         0.845000         0.998859        0
         0.846000         0.998833        0
         0.847000         0.998807        0
         0.848000         0.998781        0
         0.849000         0.998754        0
         0.850000         0.998728        0
         0.851000         0.998701        0
         0.852000         0.998674        0
         0.853000         0.998646        0
         0.854000         0.998619        0
         0.855000         0.998591        0
         0.856000         0.998563        0
         0.857000         0.998535        0
         0.858000         0.998507        0
         0.859000         0.998478        0
         0.860000         0.998449        0
         0.861000         0.998421        0
         0.862000         0.998392        0
         0.863000         0.998363        0
         0.864000         0.998333        0
         0.865000         0.998304        0
         0.866000         0.998275        0
         0.867000         0.998245        0
         0.868000         0.998216        0
         0.869000         0.998186        0
         0.870000         0.998156        0
         0.871000         0.998126        0
         0.872000         0.998097        0
         0.873000         0.998067        0
         0.874000         0.998037        0
         0.875000         0.998007        0
         0.876000         0.997977        0
         0.877000         0.997948        0
         0.878000         0.997918        0
         0.879000         0.997888        0
         0.880000         0.997858        0
         0.881000         0.997829        0
         0.882000         0.997799        0
         0.883000         0.997770        0
         0.884000         0.997741        0
         0.885000         0.997712        0
         0.886000         0.997683        0
         0.887000         0.997654        0
         0.888000         0.997625        0
         0.889000         0.997596        0
         0.890000         0.997568        0
         0.891000         0.997540        0
         0.892000         0.997512        0
         0.893000         0.997484        0
         0.894000         0.997457        0
         0.895000         0.997430        0
         0.896000         0.997403        0
         0.897000         0.997376        0
         0.898000         0.997349        0
         0.899000         0.997323        0
         0.900000         0.997298        0
         0.901000         0.997272        0
         0.902000         0.997247        0
         0.903000         0.997222        0
         0.904000         0.997198        0
         0.905000         0.997174        0
         0.906000         0.997150        0
         0.907000         0.997127        0
         0.908000         0.997104        0
         0.909000         0.997081        0
         0.910000         0.997059        0
         0.911000         0.997037        0
         0.912000         0.997016        0
         0.913000         0.996995        0
         0.914000         0.996975        0
         0.915000         0.996955        0
         0.916000         0.996936        0
         0.917000         0.996917        0
         0.918000         0.996899        0
         0.919000         0.996881        0
         0.920000         0.996864        0
         0.921000         0.996847        0
         0.922000         0.996831        0
         0.923000         0.996815        0
         0.924000         0.996800        0
         0.925000         0.996785        0
         0.926000         0.996771        0
         0.927000         0.996758        0
         0.928000         0.996745        0
         0.929000         0.996733        0
         0.930000         0.996721        0
         0.931000         0.996710        0
         0.932000         0.996699        0
         0.933000         0.996690        0
         0.934000         0.996680        0
         0.935000         0.996672        0
         0.936000         0.996664        0
         0.937000         0.996656        0
         0.938000         0.996649        0
         0.939000         0.996643        0
         0.940000         0.996638        0
         0.941000         0.996633        0
         0.942000         0.996628        0
         0.943000         0.996625        0
         0.944000         0.996622        0
         0.945000         0.996620        0
         0.946000         0.996618        0
         0.947000         0.996617        0
         0.948000         0.996616        0
         0.949000         0.996617        0
         0.950000         0.996617        0
         0.951000         0.996619        0
         0.952000         0.996621        0
         0.953000         0.996624        0
         0.954000         0.996627        0
         0.955000         0.996631        0
         0.956000         0.996636        0
         0.957000         0.996641        0
         0.958000         0.996647        0
         0.959000         0.996654        0
         0.960000         0.996661        0
         0.961000         0.996668        0
         0.962000         0.996677        0
         0.963000         0.996686        0
         0.964000         0.996695        0
         0.965000         0.996705        0
         0.966000         0.996716        0
         0.967000         0.996727        0
         0.968000         0.996739        0
         0.969000         0.996752        0
         0.970000         0.996765        0
         0.971000         0.996778        0
         0.972000         0.996792        0
         0.973000         0.996807        0
         0.974000         0.996822        0
         0.975000         0.996838        0
         0.976000         0.996854        0
         0.977000         0.996871        0
         0.978000         0.996888        0
         0.979000         0.996906        0
         0.980000         0.996924        0
         0.981000         0.996942        0
         0.982000         0.996961        0
         0.983000         0.996981        0
         0.984000         0.997001        0
         0.985000         0.997021        0
         0.986000         0.997042        0
         0.987000         0.997063        0
         0.988000         0.997085        0
         0.989000         0.997107        0
         0.990000         0.997129        0
         0.991000         0.997152        0
         0.992000         0.997175        0
         0.993000         0.997198        0
         0.994000         0.997222        0
         0.995000         0.997246        0
         0.996000         0.997270        0
         0.997000         0.997295        0
         0.998000         0.997320        0
         0.999000         0.997345        0
         1.000000         0.997370        0
         1.001000         0.997396        0
