         0.001000         0.968676        0
         0.002000         0.968479        0
         0.003000         0.968278        0
         0.004000         0.968071        0
         0.005000         0.967859        0
         0.006000         0.967643        0
         0.007000         0.967422        0
         0.008000         0.967196        0
         0.009000         0.966965        0
         0.010000         0.966729        0
         0.011000         0.966489        0
         0.012000         0.966244        0
         0.013000         0.965995        0
         0.014000         0.965741        0
         0.015000         0.965483        0
         0.016000         0.965221        0
         0.017000         0.964956        0
         0.018000         0.964687        0
         0.019000         0.964414        0
         0.020000         0.964139        0
         0.021000         0.963862        0
         0.022000         0.963583        0
         0.023000         0.963303        0
         0.024000         0.963022        0
         0.025000         0.962741        0
         0.026000         0.962458        0
         0.027000         0.962175        0
         0.028000         0.961891        0
         0.029000         0.961607        0
         0.030000         0.961324        0
         0.031000         0.961040        0
         0.032000         0.960756        0
         0.033000         0.960473        0
         0.034000         0.960190        0
         0.035000         0.959908        0
         0.036000         0.959627        0
         0.037000         0.959346        0
         0.038000         0.959067        0
         0.039000         0.958789        0
         0.040000         0.958513        0
         0.041000         0.958237        0
         0.042000         0.957964        0
         0.043000         0.957692        0
         0.044000         0.957422        0
         0.045000         0.957153        0
         0.046000         0.956887        0
         0.047000         0.956623        0
         0.048000         0.956361        0
         0.049000         0.956102        0
         0.050000         0.955845        0
         0.051000         0.955590        0
         0.052000         0.955338        0
         0.053000         0.955089        0
         0.054000         0.954843        0
         0.055000         0.954599        0
         0.056000         0.954358        0
         0.057000         0.954120        0
         0.058000         0.953884        0
         0.059000         0.953651        0
         0.060000         0.953420        0
         0.061000         0.953192        0
         0.062000         0.952966        0
         0.063000         0.952743        0
         0.064000         0.952522        0
         0.065000         0.952304        0
         0.066000         0.952089        0
         0.067000         0.951877        0
         0.068000         0.951667        0
         0.069000         0.951460        0
         0.070000         0.951256        0
         0.071000         0.951055        0
         0.072000         0.950857        0
         0.073000         0.950662        0
         0.074000         0.950470        0
         0.075000         0.950282        0
         0.076000         0.950097        0
         0.077000         0.949915        0
         0.078000         0.949737        0
         0.079000         0.949563        0
         0.080000         0.949392        0
         0.081000         0.949225        0
         0.082000         0.949062        0
         0.083000         0.948903        0
         0.084000         0.948749        0
         0.085000         0.948598        0
         0.086000         0.948452        0
         0.087000         0.948310        0
         0.088000         0.948173        0
         0.089000         0.948040        0
         0.090000         0.947913        0
         0.091000         0.947790        0
         0.092000         0.947672        0
         0.093000         0.947559        0
         0.094000         0.947451        0
         0.095000         0.947349        0
         0.096000         0.947252        0
         0.097000         0.947161        0
         0.098000         0.947075        0
         0.099000         0.946995        0
         0.100000         0.946921        0
         0.101000         0.946853        0
         0.102000         0.946792        0
         0.103000         0.946736        0
         0.104000         0.946687        0
         0.105000         0.946644        0
         0.106000         0.946608        0
         0.107000         0.946579        0
         0.108000         0.946556        0
         0.109000         0.946541        0
         0.110000         0.946533        0
         0.111000         0.946531        0
         0.112000         0.946538        0
         0.113000         0.946551        0
         0.114000         0.946572        0
         0.115000         0.946601        0
         0.116000         0.946638        0
         0.117000         0.946683        0
         0.118000         0.946735        0
         0.119000         0.946796        0
         0.120000         0.946865        0
         0.121000         0.946943        0
         0.122000         0.947029        0
         0.123000         0.947123        0
         0.124000         0.947226        0
         0.125000         0.947338        0
         0.126000         0.947459        0
         0.127000         0.947589        0
         0.128000         0.947728        0
         0.129000         0.947876        0
         0.130000         0.948034        0
         0.131000         0.948201        0
         0.132000         0.948377        0
         0.133000         0.948563        0
         0.134000         0.948759        0
         0.135000         0.948964        0
         0.136000         0.949179        0
         0.137000         0.949405        0
         0.138000         0.949641        0
         0.139000         0.949887        0
         0.140000         0.950143        0
         0.141000         0.950409        0
         0.142000         0.950686        0
         0.143000         0.950972        0
         0.144000         0.951268        0
         0.145000         0.951574        0
         0.146000         0.951889        0
         0.147000         0.952214        0
         0.148000         0.952549        0
         0.149000         0.952892        0
         0.150000         0.953245        0
         0.151000         0.953607        0
         0.152000         0.953977        0
         0.153000         0.954357        0
         0.154000         0.954745        0
         0.155000         0.955141        0
         0.156000         0.955546        0
         0.157000         0.955959        0
         0.158000         0.956380        0
         0.159000         0.956808        0
         0.160000         0.957245        0
         0.161000         0.957689        0
         0.162000         0.958140        0
         0.163000         0.958598        0
         0.164000         0.959063        0
         0.165000         0.959535        0
         0.166000         0.960014        0
         0.167000         0.960499        0
         0.168000         0.960991        0
         0.169000         0.961488        0
         0.170000         0.961991        0
         0.171000         0.962499        0
         0.172000         0.963013        0
         0.173000         0.963533        0
         0.174000         0.964057        0
         0.175000         0.964586        0
         0.176000         0.965119        0
         0.177000         0.965656        0
         0.178000         0.966198        0
         0.179000         0.966743        0
         0.180000         0.967292        0
         0.181000         0.967844        0
         0.182000         0.968399        0
         0.183000         0.968957        0
         0.184000         0.969518        0
         0.185000         0.970081        0
         0.186000         0.970645        0
         0.187000         0.971212        0
         0.188000         0.971780        0
         0.189000         0.972349        0
         0.190000         0.972919        0
         0.191000         0.973490        0
         0.192000         0.974062        0
         0.193000         0.974633        0
         0.194000         0.975204        0
         0.195000         0.975775        0
         0.196000         0.976345        0
         0.197000         0.976914        0
         0.198000         0.977482        0
         0.199000         0.978049        0
         0.200000         0.978613        0
         0.201000         0.979176        0
         0.202000         0.979736        0
         0.203000         0.980293        0
         0.204000         0.980847        0
         0.205000         0.981398        0
         0.206000         0.981946        0
         0.207000         0.982489        0
         0.208000         0.983029        0
         0.209000         0.983564        0
         0.210000         0.984094        0
         0.211000         0.984619        0
         0.212000         0.985139        0
         0.213000         0.985653        0
         0.214000         0.986160        0
         0.215000         0.986659        0
         0.216000         0.987150        0
         0.217000         0.987634        0
         0.218000         0.988109        0
         0.219000         0.988575        0
         0.220000         0.989032        0
         0.221000         0.989480        0
         0.222000         0.989918        0
         0.223000         0.990347        0
         0.224000         0.990766        0
         0.225000         0.991176        0
         0.226000         0.991575        0
         0.227000         0.991964        0
         0.228000         0.992344        0
         0.229000         0.992712        0
         0.230000         0.993071        0
         0.231000         0.993420        0
         0.232000         0.993758        0
         0.233000         0.994085        0
         0.234000         0.994403        0
         0.235000         0.994710        0
         0.236000         0.995007        0
         0.237000         0.995293        0
         0.238000         0.995570        0
         0.239000         0.995836        0
         0.240000         0.996093        0
         0.241000         0.996339        0
         0.242000         0.996576        0
         0.243000         0.996802        0
         0.244000         0.997020        0
         0.245000         0.997227        0
         0.246000         0.997426        0
         0.247000         0.997615        0
         0.248000         0.997795        0
         0.249000         0.997967        0
         0.250000         0.998129        0
         0.251000         0.998283        0
         0.252000         0.998429        0
         0.253000         0.998566        0
         0.254000         0.998696        0
         0.255000         0.998817        0
         0.256000         0.998931        0
         0.257000         0.999038        0
         0.258000         0.999138        0
         0.259000         0.999230        0
         0.260000         0.999316        0
         0.261000         0.999396        0
         0.262000         0.999469        0
         0.263000         0.999536        0
         0.264000         0.999598        0
         0.265000         0.999653        0
         0.266000         0.999704        0
         0.267000         0.999750        0
         0.268000         0.999790        0
         0.269000         0.999826        0
         0.270000         0.999858        0
         0.271000         0.999886        0
         0.272000         0.999910        0
         0.273000         0.999931        0
         0.274000         0.999948        0
         0.275000         0.999962        0
         0.276000         0.999974        0
         0.277000         0.999983        0
         0.278000         0.999990        0
         0.279000         0.999994        0
         0.280000         0.999998        0
         0.281000         0.999999        0
         0.282000         1.000000        0
         0.283000         1.000000        0
         0.284000         1.000000        0
         0.285000         1.000000        0
         0.286000         1.000000        0
         0.287000         1.000000        0
         0.288000         1.000000        0
         0.289000         1.000000        0
         0.290000         1.000000        0
         0.291000         1.000000        0
         0.292000         1.000000        0
         0.293000         1.000000        0
         0.294000         1.000000        0
         0.295000         1.000000        0
         0.296000         1.000000        0
         0.297000         1.000000        0
         0.298000         1.000000        0
         0.299000         1.000000        0
         0.300000         1.000000        0
         0.301000         1.000000        0
         0.302000         1.000000        0
         0.303000         1.000000        0
         0.304000         1.000000        0
         0.305000         1.000000        0
         0.306000         1.000000        0
         0.307000         1.000000        0
         0.308000         1.000000        0
         0.309000         1.000000        0
         0.310000         1.000000        0
         0.311000         1.000000        0
         0.312000         1.000000        0
         0.313000         1.000000        0
         0.314000         1.000000        0
         0.315000         1.000000        0
         0.316000         1.000000        0
         0.317000         0.999999        0
         0.318000         0.999998        0
         0.319000         0.999996        0
         0.320000         0.999993        0
         0.321000         0.999988        0
         0.322000         0.999983        0
         0.323000         0.999976        0
         0.324000         0.999967        0
         0.325000         0.999956        0
         0.326000         0.999944        0
         0.327000         0.999929        0
         0.328000         0.999912        0
         0.329000         0.999893        0
         0.330000         0.999872        0
         0.331000         0.999847        0
         0.332000         0.999821        0
         0.333000         0.999791        0
         0.334000         0.999758        0
         0.335000         0.999723        0
         0.336000         0.999684        0
         0.337000         0.999642        0
         0.338000         0.999596        0
         0.339000         0.999547        0
         0.340000         0.999494        0
         0.341000         0.999437        0
         0.342000         0.999377        0
         0.343000         0.999313        0
         0.344000         0.999244        0
         0.345000         0.999172        0
         0.346000         0.999095        0
         0.347000         0.999014        0
         0.348000         0.998929        0
         0.349000         0.998839        0
         0.350000         0.998744        0
         0.351000         0.998645        0
         0.352000         0.998542        0
         0.353000         0.998433        0
         0.354000         0.998320        0
         0.355000         0.998202        0
         0.356000         0.998079        0
         0.357000         0.997951        0
         0.358000         0.997818        0
         0.359000         0.997681        0
         0.360000         0.997538        0
         0.361000         0.997390        0
         0.362000         0.997237        0
         0.363000         0.997079        0
         0.364000         0.996916        0
         0.365000         0.996748        0
         0.366000         0.996574        0
         0.367000         0.996396        0
         0.368000         0.996212        0
         0.369000         0.996024        0
         0.370000         0.995830        0
         0.371000         0.995632        0
         0.372000         0.995428        0
         0.373000         0.995220        0
         0.374000         0.995006        0
         0.375000         0.994788        0
         0.376000         0.994565        0
         0.377000         0.994338        0
         0.378000         0.994105        0
         0.379000         0.993869        0
         0.380000         0.993627        0
         0.381000         0.993382        0
         0.382000         0.993132        0
         0.383000         0.992878        0
         0.384000         0.992619        0
         0.385000         0.992357        0
         0.386000         0.992091        0
         0.387000         0.991822        0
         0.388000         0.991549        0
         0.389000         0.991272        0
         0.390000         0.990992        0
         0.391000         0.990710        0
         0.392000         0.990424        0
         0.393000         0.990136        0
         0.394000         0.989845        0
         0.395000         0.989553        0
         0.396000         0.989258        0
         0.397000         0.988962        0
         0.398000         0.988665        0
         0.399000         0.988367        0
         0.400000         0.988068        0
         0.401000         0.987768        0
         0.402000         0.987468        0
         0.403000         0.987168        0
         0.404000         0.986867        0
         0.405000         0.986567        0
         0.406000         0.986267        0
         0.407000         0.985967        0
         0.408000         0.985668        0
         0.409000         0.985369        0
         0.410000         0.985071        0
         0.411000         0.984775        0
         0.412000         0.984479        0
         0.413000         0.984185        0
         0.414000         0.983892        0
         0.415000         0.983601        0
         0.416000         0.983312        0
         0.417000         0.983024        0
         0.418000         0.982739        0
         0.419000         0.982456        0
         0.420000         0.982175        0
         0.421000         0.981897        0
         0.422000         0.981621        0
         0.423000         0.981348        0
         0.424000         0.981078        0
         0.425000         0.980811        0
         0.426000         0.980547        0
         0.427000         0.980286        0
         0.428000         0.980029        0
         0.429000         0.979775        0
         0.430000         0.979525        0
         0.431000         0.979278        0
         0.432000         0.979036        0
         0.433000         0.978797        0
         0.434000         0.978562        0
         0.435000         0.978332        0
         0.436000         0.978106        0
         0.437000         0.977884        0
         0.438000         0.977666        0
         0.439000         0.977454        0
         0.440000         0.977245        0
         0.441000         0.977042        0
         0.442000         0.976843        0
         0.443000         0.976649        0
         0.444000         0.976460        0
         0.445000         0.976277        0
         0.446000         0.976098        0
         0.447000         0.975925        0
         0.448000         0.975756        0
         0.449000         0.975594        0
         0.450000         0.975436        0
         0.451000         0.975283        0
         0.452000         0.975135        0
         0.453000         0.974990        0
         0.454000         0.974850        0
         0.455000         0.974713        0
         0.456000         0.974580        0
         0.457000         0.974450        0
         0.458000         0.974323        0
         0.459000         0.974198        0
         0.460000         0.974077        0
         0.461000         0.973957        0
         0.462000         0.973840        0
         0.463000         0.973725        0
         0.464000         0.973611        0
         0.465000         0.973499        0
         0.466000         0.973388        0
         0.467000         0.973278        0
         0.468000         0.973169        0
         0.469000         0.973061        0
         0.470000         0.972953        0
         0.471000         0.972845        0
         0.472000         0.972737        0
         0.473000         0.972629        0
         0.474000         0.972520        0
         0.475000         0.972411        0
         0.476000         0.972300        0
         0.477000         0.972189        0
         0.478000         0.972076        0
         0.479000         0.971961        0
         0.480000         0.971845        0
         0.481000         0.971726        0
         0.482000         0.971606        0
         0.483000         0.971483        0
         0.484000         0.971357        0
         0.485000         0.971229        0
         0.486000         0.971098        0
         0.487000         0.970963        0
         0.488000         0.970826        0
         0.489000         0.970685        0
         0.490000         0.970540        0
         0.491000         0.970392        0
         0.492000         0.970240        0
         0.493000         0.970083        0
         0.494000         0.969923        0
         0.495000         0.969758        0
         0.496000         0.969589        0
         0.497000         0.969416        0
         0.498000         0.969238        0
         0.499000         0.969055        0
         0.500000         0.968868        0
         0.501000         0.968676        0
         0.502000         0.968479        0
         0.503000         0.968278        0
         0.504000         0.968071        0
         0.505000         0.967859        0
         0.506000         0.967643        0
         0.507000         0.967422        0
         0.508000         0.967196        0
         0.509000         0.966965        0
         0.510000         0.966729        0
         0.511000         0.966489        0
         0.512000         0.966244        0
         0.513000         0.965995        0
         0.514000         0.965741        0
         0.515000         0.965483        0
         0.516000         0.965221        0
         0.517000         0.964956        0
         0.518000         0.964687        0
         0.519000         0.964414        0
         0.520000         0.964139        0
         0.521000         0.963862        0
         0.522000         0.963583        0
         0.523000         0.963303        0
         0.524000         0.963022        0
         0.525000         0.962741        0
         0.526000         0.962458        0
         0.527000         0.962175        0
         0.528000         0.961891        0
         0.529000         0.961607        0
         0.530000         0.961324        0
         0.531000         0.961040        0
         0.532000         0.960756        0
         0.533000         0.960473        0
         0.534000         0.960190        0
         0.535000         0.959908        0
         0.536000         0.959627        0
         0.537000         0.959346        0
         0.538000         0.959067        0
         0.539000         0.958789        0
         0.540000         0.958513        0
         0.541000         0.958237        0
         0.542000         0.957964        0
         0.543000         0.957692        0
         0.544000         0.957422        0
         0.545000         0.957153        0
         0.546000         0.956887        0
         0.547000         0.956623        0
         0.548000         0.956361        0
         0.549000         0.956102        0
         0.550000         0.955845        0
         0.551000         0.955590        0
         0.552000         0.955338        0
         0.553000         0.955089        0
         0.554000         0.954843        0
         0.555000         0.954599        0
         0.556000         0.954358        0
         0.557000         0.954120        0
         0.558000         0.953884        0
         0.559000         0.953651        0
         0.560000         0.953420        0
         0.561000         0.953192        0
         0.562000         0.952966        0
         0.563000         0.952743        0
         0.564000         0.952522        0
         0.565000         0.952304        0
         0.566000         0.952089        0
         0.567000         0.951877        0
         0.568000         0.951667        0
         0.569000         0.951460        0
         0.570000         0.951256        0
         0.571000         0.951055        0
         0.572000         0.950857        0
         0.573000         0.950662        0
         0.574000         0.950470        0
         0.575000         0.950282        0
         0.576000         0.950097        0
         0.577000         0.949915        0
         0.578000         0.949737        0
         0.579000         0.949563        0
         0.580000         0.949392        0
         0.581000         0.949225        0
         0.582000         0.949062        0
         0.583000         0.948903        0
         0.584000         0.948749        0
         0.585000         0.948598        0
         0.586000         0.948452        0
         0.587000         0.948310        0
         0.588000         0.948173        0
         0.589000         0.948040        0
         0.590000         0.947913        0
         0.591000         0.947790        0
         0.592000         0.947672        0
         0.593000         0.947559        0
         0.594000         0.947451        0
         0.595000         0.947349        0
         0.596000         0.947252        0
         0.597000         0.947161        0
         0.598000         0.947075        0
         0.599000         0.946995        0
         0.600000         0.946921        0
         0.601000         0.946853        0
         0.602000         0.946792        0
         0.603000         0.946736        0
         0.604000         0.946687        0
         0.605000         0.946644        0
         0.606000         0.946608        0
         0.607000         0.946579        0
         0.608000         0.946556        0
         0.609000         0.946541        0
         0.610000         0.946533        0
         0.611000         0.946531        0
         0.612000         0.946538        0
         0.613000         0.946551        0
         0.614000         0.946572        0
         0.615000         0.946601        0
         0.616000         0.946638        0
         0.617000         0.946683        0
         0.618000         0.946735        0
         0.619000         0.946796        0
         0.620000         0.946865        0
         0.621000         0.946943        0
         0.622000         0.947029        0
         0.623000         0.947123        0
         0.624000         0.947226        0
         0.625000         0.947338        0
         0.626000         0.947459        0
         0.627000         0.947589        0
         0.628000         0.947728        0
         0.629000         0.947876        0
         0.630000         0.948034        0
         0.631000         0.948201        0
         0.632000         0.948377        0
         0.633000         0.948563        0
         0.634000         0.948759        0
         0.635000         0.948964        0
         0.636000         0.949179        0
         0.637000         0.949405        0
         0.638000         0.949641        0
         0.639000         0.949887        0
         0.640000         0.950143        0
         0.641000         0.950409        0
         0.642000         0.950686        0
         0.643000         0.950972        0
         0.644000         0.951268        0
         0.645000         0.951574        0
         0.646000         0.951889        0
         0.647000         0.952214        0
         0.648000         0.952549        0
         0.649000         0.952892        0
         0.650000         0.953245        0
         0.651000         0.953607        0
         0.652000         0.953977        0
         0.653000         0.954357        0
         0.654000         0.954745        0
         0.655000         0.955141        0
         0.656000         0.955546        0
         0.657000         0.955959        0
         0.658000         0.956380        0
         0.659000         0.956808        0
         0.660000         0.957245        0
         0.661000         0.957689        0
         0.662000         0.958140        0
         0.663000         0.958598        0
         0.664000         0.959063        0
         0.665000         0.959535        0
         0.666000         0.960014        0
         0.667000         0.960499        0
         0.668000         0.960991        0
         0.669000         0.961488        0
         0.670000         0.961991        0
         0.671000         0.962499        0
         0.672000         0.963013        0
         0.673000         0.963533        0
         0.674000         0.964057        0
         0.675000         0.964586        0
         0.676000         0.965119        0
         0.677000         0.965656        0
         0.678000         0.966198        0
         0.679000         0.966743        0
         0.680000         0.967292        0
         0.681000         0.967844        0
         0.682000         0.968399        0
         0.683000         0.968957        0
         0.684000         0.969518        0
         0.685000         0.970081        0
         0.686000         0.970645        0
         0.687000         0.971212        0
         0.688000         0.971780        0
         0.689000         0.972349        0
         0.690000         0.972919        0
         0.691000         0.973490        0
         0.692000         0.974062        0
         0.693000         0.974633        0
         0.694000         0.975204        0
         0.695000         0.975775        0
         0.696000         0.976345        0
         0.697000         0.976914        0
         0.698000         0.977482        0
         0.699000         0.978049        0
         0.700000         0.978613        0
         0.701000         0.979176        0
         0.702000         0.979736        0
         0.703000         0.980293        0
         0.704000         0.980847        0
         0.705000         0.981398        0
         0.706000         0.981946        0
         0.707000         0.982489        0
         0.708000         0.983029        0
         0.709000         0.983564        0
         0.710000         0.984094        0
         0.711000         0.984619        0
         0.712000         0.985139        0
         0.713000         0.985653        0
         0.714000         0.986160        0
         0.715000         0.986659        0
         0.716000         0.987150        0
         0.717000         0.987634        0
         0.718000         0.988109        0
         0.719000         0.988575        0
         0.720000         0.989032        0
         0.721000         0.989480        0
         0.722000         0.989918        0
         0.723000         0.990347        0
         0.724000         0.990766        0
         0.725000         0.991176        0
         0.726000         0.991575        0
         0.727000         0.991964        0
         0.728000         0.992344        0
         0.729000         0.992712        0
         0.730000         0.993071        0
         0.731000         0.993420        0
         0.732000         0.993758        0
         0.733000         0.994085        0
         0.734000         0.994403        0
         0.735000         0.994710        0
         0.736000         0.995007        0
         0.737000         0.995293        0
         0.738000         0.995570        0
         0.739000         0.995836        0
         0.740000         0.996093        0
         0.741000         0.996339        0
         0.742000         0.996576        0
         0.743000         0.996802        0
         0.744000         0.997020        0
         0.745000         0.997227        0
         0.746000         0.997426        0
         0.747000         0.997615        0
         0.748000         0.997795        0
         0.749000         0.997967        0
         0.750000         0.998129        0
         0.751000         0.998283        0
         0.752000         0.998429        0
         0.753000         0.998566        0
         0.754000         0.998696        0
         0.755000         0.998817        0
         0.756000         0.998931        0
         0.757000         0.999038        0
         0.758000         0.999138        0
         0.759000         0.999230        0
         0.760000         0.999316        0
         0.761000         0.999396        0
         0.762000         0.999469        0
         0.763000         0.999536        0
         0.764000         0.999598        0
         0.765000         0.999653        0
         0.766000         0.999704        0
         0.767000         0.999750        0
         0.768000         0.999790        0
         0.769000         0.999826        0
         0.770000         0.999858        0
         0.771000         0.999886        0
         0.772000         0.999910        0
         0.773000         0.999931        0
         0.774000         0.999948        0
         0.775000         0.999962        0
         0.776000         0.999974        0
         0.777000         0.999983        0
         0.778000         0.999990        0
         0.779000         0.999994        0
         0.780000         0.999998        0
         0.781000         0.999999        0
         0.782000         1.000000        0
         0.783000         1.000000        0
         0.784000         1.000000        0
         0.785000         1.000000        0
         0.786000         1.000000        0
         0.787000         1.000000        0
         0.788000         1.000000        0
         0.789000         1.000000        0
         0.790000         1.000000        0
         0.791000         1.000000        0
         0.792000         1.000000        0
         0.793000         1.000000        0
         0.794000         1.000000        0
         0.795000         1.000000        0
         0.796000         1.000000        0
         0.797000         1.000000        0
         0.798000         1.000000        0
         0.799000         1.000000        0
         0.800000         1.000000        0
         0.801000         1.000000        0
         0.802000         1.000000        0
         0.803000         1.000000        0
         0.804000         1.000000        0
         0.805000         1.000000        0
         0.806000         1.000000        0
         0.807000         1.000000        0
         0.808000         1.000000        0
         0.809000         1.000000        0
         0.810000         1.000000        0
         0.811000         1.000000        0
         0.812000         1.000000        0
         0.813000         1.000000        0
         0.814000         1.000000        0
         0.815000         1.000000        0
         0.816000         1.000000        0
         0.817000         0.999999        0
         0.818000         0.999998        0
         0.819000         0.999996        0
         0.820000         0.999993        0
         0.821000         0.999988        0
         0.822000         0.999983        0
         0.823000         0.999976        0
         0.824000         0.999967        0
         0.825000         0.999956        0
         0.826000         0.999944        0
         0.827000         0.999929        0
         0.828000         0.999912        0
         0.829000         0.999893        0
         0.830000         0.999872        0
         0.831000         0.999847        0
         0.832000         0.999821        0
         0.833000         0.999791        0
         0.834000         0.999758        0
         0.835000         0.999723        0
         0.836000         0.999684        0
         0.837000         0.999642        0
         0.838000         0.999596        0
         0.839000         0.999547        0
         0.840000         0.999494        0
         0.841000         0.999437        0
         0.842000         0.999377        0
         0.843000         0.999313        0
         0.844000         0.999244        0
         0.845000         0.999172        0
         0.846000         0.999095        0
         0.847000         0.999014        0
         0.848000         0.998929        0
         0.849000         0.998839        0
         0.850000         0.998744        0
         0.851000         0.998645        0
         0.852000         0.998542        0
         0.853000         0.998433        0
         0.854000         0.998320        0
         0.855000         0.998202        0
         0.856000         0.998079        0
         0.857000         0.997951        0
         0.858000         0.997818        0
         0.859000         0.997681        0
         0.860000         0.997538        0
         0.861000         0.997390        0
         0.862000         0.997237        0
         0.863000         0.997079        0
         0.864000         0.996916        0
         0.865000         0.996748        0
         0.866000         0.996574        0
         0.867000         0.996396        0
         0.868000         0.996212        0
         0.869000         0.996024        0
         0.870000         0.995830        0
         0.871000         0.995632        0
         0.872000         0.995428        0
         0.873000         0.995220        0
         0.874000         0.995006        0
         0.875000         0.994788        0
         0.876000         0.994565        0
         0.877000         0.994338        0
         0.878000         0.994105        0
         0.879000         0.993869        0
         0.880000         0.993627        0
         0.881000         0.993382        0
         0.882000         0.993132        0
         0.883000         0.992878        0
         0.884000         0.992619        0
         0.885000         0.992357        0
         0.886000         0.992091        0
         0.887000         0.991822        0
         0.888000         0.991549        0
         0.889000         0.991272        0
         0.890000         0.990992        0
         0.891000         0.990710        0
         0.892000         0.990424        0
         0.893000         0.990136        0
         0.894000         0.989845        0
         0.895000         0.989553        0
         0.896000         0.989258        0
         0.897000         0.988962        0
         0.898000         0.988665        0
         0.899000         0.988367        0
         0.900000         0.988068        0
         0.901000         0.987768        0
         0.902000         0.987468        0
         0.903000         0.987168        0
         0.904000         0.986867        0
         0.905000         0.986567        0
         0.906000         0.986267        0
         0.907000         0.985967        0
         0.908000         0.985668        0
         0.909000         0.985369        0
         0.910000         0.985071        0
         0.911000         0.984775        0
         0.912000         0.984479        0
         0.913000         0.984185        0
         0.914000         0.983892        0
         0.915000         0.983601        0
         0.916000         0.983312        0
         0.917000         0.983024        0
         0.918000         0.982739        0
         0.919000         0.982456        0
         0.920000         0.982175        0
         0.921000         0.981897        0
         0.922000         0.981621        0
         0.923000         0.981348        0
         0.924000         0.981078        0
         0.925000         0.980811        0
         0.926000         0.980547        0
         0.927000         0.980286        0
         0.928000         0.980029        0
         0.929000         0.979775        0
         0.930000         0.979525        0
         0.931000         0.979278        0
         0.932000         0.979036        0
         0.933000         0.978797        0
         0.934000         0.978562        0
         0.935000         0.978332        0
         0.936000         0.978106        0
         0.937000         0.977884        0
         0.938000         0.977666        0
         0.939000         0.977454        0
         0.940000         0.977245        0
         0.941000         0.977042        0
         0.942000         0.976843        0
         0.943000         0.976649        0
         0.944000         0.976460        0
         0.945000         0.976277        0
         0.946000         0.976098        0
         0.947000         0.975925        0
         0.948000         0.975756        0
         0.949000         0.975594        0
         0.950000         0.975436        0
         0.951000         0.975283        0
         0.952000         0.975135        0
         0.953000         0.974990        0
         0.954000         0.974850        0
         0.955000         0.974713        0
         0.956000         0.974580        0
         0.957000         0.974450        0
         0.958000         0.974323        0
         0.959000         0.974198        0
         0.960000         0.974077        0
         0.961000         0.973957        0
         0.962000         0.973840        0
         0.963000         0.973725        0
         0.964000         0.973611        0
         0.965000         0.973499        0
         0.966000         0.973388        0
         0.967000         0.973278        0
         0.968000         0.973169        0
         0.969000         0.973061        0
         0.970000         0.972953        0
         0.971000         0.972845        0
         0.972000         0.972737        0
         0.973000         0.972629        0
         0.974000         0.972520        0
         0.975000         0.972411        0
         0.976000         0.972300        0
         0.977000         0.972189        0
         0.978000         0.972076        0
         0.979000         0.971961        0
         0.980000         0.971845        0
         0.981000         0.971726        0
         0.982000         0.971606        0
         0.983000         0.971483        0
         0.984000         0.971357        0
         0.985000         0.971229        0
         0.986000         0.971098        0
         0.987000         0.970963        0
         0.988000         0.970826        0
         0.989000         0.970685        0
         0.990000         0.970540        0
         0.991000         0.970392        0
         0.992000         0.970240        0
         0.993000         0.970083        0
         0.994000         0.969923        0
         0.995000         0.969758        0
         0.996000         0.969589        0
         0.997000         0.969416        0
         0.998000         0.969238        0
         0.999000         0.969055        0
         1.000000         0.968868        0
         1.001000         0.968676        0
