         0.001000         1.000000        0
         0.002000         1.000000        0
         0.003000         1.000000        0
         0.004000         1.000000        0
         0.005000         1.000000        0
         0.006000         1.000000        0
         0.007000         1.000000        0
         0.008000         1.000000        0
         0.009000         1.000000        0
         0.010000         1.000000        0
         0.011000         1.000000        0
         0.012000         1.000000        0
         0.013000         1.000000        0
         0.014000         1.000000        0
         0.015000         1.000000        0
         0.016000         1.000000        0
         0.017000         1.000000        0
         0.018000         1.000000        0
         0.019000         1.000000        0
         0.020000         1.000000        0
         0.021000         1.000000        0
         0.022000         1.000000        0
         0.023000         1.000000        0
         0.024000         1.000000        0
         0.025000         1.000000        0
         0.026000         1.000000        0
         0.027000         1.000000        0
         0.028000         1.000000        0
         0.029000         1.000000        0
         0.030000         1.000000        0
         0.031000         1.000000        0
         0.032000         1.000000        0
         0.033000         1.000000        0
         0.034000         1.000000        0
         0.035000         1.000000        0
         0.036000         1.000000        0
         0.037000         1.000000        0
         0.038000         0.999999        0
         0.039000         0.999999        0
         0.040000         0.999998        0
         0.041000         0.999998        0
         0.042000         0.999997        0
         0.043000         0.999996        0
         0.044000         0.999994        0
         0.045000         0.999993        0
         0.046000         0.999991        0
         0.047000         0.999989        0
         0.048000         0.999987        0
         0.049000         0.999985        0
         0.050000         0.999982        0
         0.051000         0.999979        0
         0.052000         0.999976        0
         0.053000         0.999972        0
         0.054000         0.999968        0
         0.055000         0.999963        0
         0.056000         0.999958        0
         0.057000         0.999953        0
         0.058000         0.999947        0
         0.059000         0.999941        0
         0.060000         0.999934        0
         0.061000         0.999927        0
         0.062000         0.999919        0
         0.063000         0.999910        0
         0.064000         0.999901        0
         0.065000         0.999892        0
         0.066000         0.999881        0
         0.067000         0.999870        0
         0.068000         0.999859        0
         0.069000         0.999846        0
         0.070000         0.999833        0
         0.071000         0.999819        0
         0.072000         0.999804        0
         0.073000         0.999789        0
         0.074000         0.999773        0
         0.075000         0.999755        0
         0.076000         0.999737        0
         0.077000         0.999719        0
         0.078000         0.999699        0
         0.079000         0.999678        0
         0.080000         0.999656        0
         0.081000         0.999633        0
         0.082000         0.999610        0
         0.083000         0.999585        0
         0.084000         0.999559        0
         0.085000         0.999532        0
         0.086000         0.999504        0
         0.087000         0.999475        0
         0.088000         0.999445        0
         0.089000         0.999413        0
         0.090000         0.999381        0
         0.091000         0.999347        0
         0.092000         0.999312        0
         0.093000         0.999276        0
         0.094000         0.999238        0
         0.095000         0.999199        0
         0.096000         0.999160        0
         0.097000         0.999118        0
         0.098000         0.999076        0
         0.099000         0.999032        0
         0.100000         0.998987        0
         0.101000         0.998940        0
         0.102000         0.998893        0
         0.103000         0.998843        0
         0.104000         0.998793        0
         0.105000         0.998741        0
         0.106000         0.998688        0
         0.107000         0.998633        0
         0.108000         0.998577        0
         0.109000         0.998520        0
         0.110000         0.998461        0
         0.111000         0.998401        0
         0.112000         0.998340        0
         0.113000         0.998277        0
         0.114000         0.998213        0
         0.115000         0.998147        0
         0.116000         0.998080        0
         0.117000         0.998012        0
         0.118000         0.997942        0
         0.119000         0.997871        0
         0.120000         0.997798        0
         0.121000         0.997725        0
         0.122000         0.997650        0
         0.123000         0.997573        0
         0.124000         0.997495        0
         0.125000         0.997417        0
         0.126000         0.997336        0
         0.127000         0.997255        0
         0.128000         0.997172        0
         0.129000         0.997088        0
         0.130000         0.997003        0
         0.131000         0.996917        0
         0.132000         0.996829        0
         0.133000         0.996741        0
         0.134000         0.996651        0
         0.135000         0.996560        0
         0.136000         0.996468        0
         0.137000         0.996375        0
         0.138000         0.996282        0
         0.139000         0.996187        0
         0.140000         0.996091        0
         0.141000         0.995994        0
         0.142000         0.995897        0
         0.143000         0.995798        0
         0.144000         0.995699        0
         0.145000         0.995599        0
         0.146000         0.995498        0
         0.147000         0.995397        0
         0.148000         0.995295        0
         0.149000         0.995192        0
         0.150000         0.995089        0
         0.151000         0.994985        0
         0.152000         0.994881        0
         0.153000         0.994776        0
         0.154000         0.994671        0
         0.155000         0.994566        0
         0.156000         0.994460        0
         0.157000         0.994354        0
         0.158000         0.994247        0
         0.159000         0.994141        0
         0.160000         0.994034        0
         0.161000         0.993927        0
         0.162000         0.993821        0
         0.163000         0.993714        0
         0.164000         0.993607        0
         0.165000         0.993500        0
         0.166000         0.993394        0
         0.167000         0.993288        0
         0.168000         0.993182        0
         0.169000         0.993076        0
         0.170000         0.992971        0
         0.171000         0.992866        0
         0.172000         0.992761        0
         0.173000         0.992657        0
         0.174000         0.992554        0
         0.175000         0.992451        0
         0.176000         0.992349        0
         0.177000         0.992247        0
         0.178000         0.992146        0
         0.179000         0.992046        0
         0.180000         0.991947        0
         0.181000         0.991848        0
         0.182000         0.991750        0
         0.183000         0.991654        0
         0.184000         0.991558        0
         0.185000         0.991463        0
         0.186000         0.991369        0
         0.187000         0.991276        0
         0.188000         0.991185        0
         0.189000         0.991094        0
         0.190000         0.991005        0
         0.191000         0.990917        0
         0.192000         0.990830        0
         0.193000         0.990744        0
         0.194000         0.990660        0
         0.195000         0.990578        0
         0.196000         0.990496        0
         0.197000         0.990417        0
         0.198000         0.990338        0
         0.199000         0.990262        0
         0.200000         0.990186        0
         0.201000         0.990113        0
         0.202000         0.990041        0
         0.203000         0.989971        0
         0.204000         0.989902        0
         0.205000         0.989835        0
         0.206000         0.989770        0
         0.207000         0.989707        0
         0.208000         0.989646        0
         0.209000         0.989587        0
         0.210000         0.989529        0
         0.211000         0.989473        0
         0.212000         0.989420        0
         0.213000         0.989368        0
         0.214000         0.989318        0
         0.215000         0.989271        0
         0.216000         0.989225        0
         0.217000         0.989182        0
         0.218000         0.989140        0
         0.219000         0.989101        0
         0.220000         0.989064        0
         0.221000         0.989029        0
         0.222000         0.988996        0
         0.223000         0.988965        0
         0.224000         0.988937        0
         0.225000         0.988911        0
         0.226000         0.988887        0
         0.227000         0.988865        0
         0.228000         0.988845        0
         0.229000         0.988828        0
         0.230000         0.988813        0
         0.231000         0.988800        0
         0.232000         0.988790        0
         0.233000         0.988782        0
         0.234000         0.988776        0
         0.235000         0.988772        0
         0.236000         0.988771        0
         0.237000         0.988772        0
         0.238000         0.988775        0
         0.239000         0.988781        0
         0.240000         0.988789        0
         0.241000         0.988799        0
         0.242000         0.988812        0
         0.243000         0.988826        0
         0.244000         0.988843        0
         0.245000         0.988862        0
         0.246000         0.988884        0
         0.247000         0.988908        0
         0.248000         0.988934        0
         0.249000         0.988962        0
         0.250000         0.988992        0
         0.251000         0.989025        0
         0.252000         0.989060        0
         0.253000         0.989096        0
         0.254000         0.989135        0
         0.255000         0.989177        0
         0.256000         0.989220        0
         0.257000         0.989265        0
         0.258000         0.989312        0
         0.259000         0.989362        0
         0.260000         0.989413        0
         0.261000         0.989466        0
         0.262000         0.989522        0
         0.263000         0.989579        0
         0.264000         0.989638        0
         0.265000         0.989699        0
         0.266000         0.989762        0
         0.267000         0.989826        0
         0.268000         0.989892        0
         0.269000         0.989960        0
         0.270000         0.990030        0
         0.271000         0.990101        0
         0.272000         0.990174        0
         0.273000         0.990249        0
         0.274000         0.990325        0
         0.275000         0.990403        0
         0.276000         0.990482        0
         0.277000         0.990562        0
         0.278000         0.990644        0
         0.279000         0.990728        0
         0.280000         0.990812        0
         0.281000         0.990898        0
         0.282000         0.990985        0
         0.283000         0.991073        0
         0.284000         0.991163        0
         0.285000         0.991253        0
         0.286000         0.991344        0
         0.287000         0.991437        0
         0.288000         0.991530        0
         0.289000         0.991625        0
         0.290000         0.991720        0
         0.291000         0.991816        0
         0.292000         0.991913        0
         0.293000         0.992010        0
         0.294000         0.992108        0
         0.295000         0.992207        0
         0.296000         0.992306        0
         0.297000         0.992406        0
         0.298000         0.992507        0
         0.299000         0.992608        0
         0.300000         0.992709        0
         0.301000         0.992810        0
         0.302000         0.992912        0
         0.303000         0.993014        0
         0.304000         0.993117        0
         0.305000         0.993219        0
         0.306000         0.993322        0
         0.307000         0.993425        0
         0.308000         0.993527        0
         0.309000         0.993630        0
         0.310000         0.993733        0
         0.311000         0.993836        0
         0.312000         0.993938        0
         0.313000         0.994040        0
         0.314000         0.994142        0
         0.315000         0.994244        0
         0.316000         0.994346        0
         0.317000         0.994447        0
         0.318000         0.994548        0
         0.319000         0.994648        0
         0.320000         0.994748        0
         0.321000         0.994847        0
         0.322000         0.994946        0
         0.323000         0.995045        0
         0.324000         0.995143        0
         0.325000         0.995240        0
         0.326000         0.995336        0
         0.327000         0.995432        0
         0.328000         0.995527        0
         0.329000         0.995621        0
         0.330000         0.995715        0
         0.331000         0.995808        0
         0.332000         0.995900        0
         0.333000         0.995991        0
         0.334000         0.996081        0
         0.335000         0.996170        0
         0.336000         0.996259        0
         0.337000         0.996346        0
         0.338000         0.996433        0
         0.339000         0.996518        0
         0.340000         0.996603        0
         0.341000         0.996686        0
         0.342000         0.996769        0
         0.343000         0.996850        0
         0.344000         0.996930        0
         0.345000         0.997010        0
         0.346000         0.997088        0
         0.347000         0.997165        0
         0.348000         0.997241        0
         0.349000         0.997315        0
         0.350000         0.997389        0
         0.351000         0.997461        0
         0.352000         0.997533        0
         0.353000         0.997603        0
         0.354000         0.997672        0
         0.355000         0.997739        0
         0.356000         0.997806        0
         0.357000         0.997871        0
         0.358000         0.997935        0
         0.359000         0.997998        0
         0.360000         0.998060        0
         0.361000         0.998121        0
         0.362000         0.998180        0
         0.363000         0.998238        0
         0.364000         0.998295        0
         0.365000         0.998351        0
         0.366000         0.998406        0
         0.367000         0.998459        0
         0.368000         0.998511        0
         0.369000         0.998562        0
         0.370000         0.998612        0
         0.371000         0.998661        0
         0.372000         0.998708        0
         0.373000         0.998755        0
         0.374000         0.998800        0
         0.375000         0.998844        0
         0.376000         0.998887        0
         0.377000         0.998929        0
         0.378000         0.998970        0
         0.379000         0.999010        0
         0.380000         0.999048        0
         0.381000         0.999086        0
         0.382000         0.999122        0
         0.383000         0.999158        0
         0.384000         0.999192        0
         0.385000         0.999226        0
         0.386000         0.999258        0
         0.387000         0.999290        0
         0.388000         0.999320        0
         0.389000         0.999350        0
         0.390000         0.999378        0
         0.391000         0.999406        0
         0.392000         0.999433        0
         0.393000         0.999459        0
         0.394000         0.999484        0
         0.395000         0.999508        0
         0.396000         0.999531        0
         0.397000         0.999553        0
         0.398000         0.999575        0
         0.399000         0.999596        0
         0.400000         0.999616        0
         0.401000         0.999635        0
         0.402000         0.999654        0
         0.403000         0.999672        0
         0.404000         0.999689        0
         0.405000         0.999705        0
         0.406000         0.999721        0
         0.407000         0.999736        0
         0.408000         0.999751        0
         0.409000         0.999765        0
         0.410000         0.999778        0
         0.411000         0.999791        0
         0.412000         0.999803        0
         0.413000         0.999814        0
         0.414000         0.999825        0
         0.415000         0.999836        0
         0.416000         0.999846        0
         0.417000         0.999856        0
         0.418000         0.999865        0
         0.419000         0.999873        0
         0.420000         0.999882        0
         0.421000         0.999889        0
         0.422000         0.999897        0
         0.423000         0.999904        0
         0.424000         0.999910        0
         0.425000         0.999917        0
         0.426000         0.999923        0
         0.427000         0.999928        0
         0.428000         0.999934        0
         0.429000         0.999939        0
         0.430000         0.999943        0
         0.431000         0.999948        0
         0.432000         0.999952        0
         0.433000         0.999956        0
         0.434000         0.999960        0
         0.435000         0.999964        0
         0.436000         0.999967        0
         0.437000         0.999970        0
         0.438000         0.999973        0
         0.439000         0.999976        0
         0.440000         0.999979        0
         0.441000         0.999981        0
         0.442000         0.999984        0
         0.443000         0.999986        0
         0.444000         0.999988        0
         0.445000         0.999989        0
         0.446000         0.999991        0
         0.447000         0.999992        0
         0.448000         0.999994        0
         0.449000         0.999995        0
         0.450000         0.999996        0
         0.451000         0.999997        0
         0.452000         0.999998        0
         0.453000         0.999998        0
         0.454000         0.999999        0
         0.455000         0.999999        0
         0.456000         0.999999        0
         0.457000         1.000000        0
         0.458000         1.000000        0
         0.459000         1.000000        0
         0.460000         1.000000        0
         0.461000         1.000000        0
         0.462000         1.000000        0
         0.463000         1.000000        0
         0.464000         1.000000        0
         0.465000         1.000000        0
         0.466000         1.000000        0
         0.467000         1.000000        0
         0.468000         1.000000        0
         0.469000         1.000000        0
         0.470000         1.000000        0
         0.471000         1.000000        0
         0.472000         1.000000        0
         0.473000         1.000000        0
         0.474000         1.000000        0
         0.475000         1.000000        0
         0.476000         1.000000        0
         0.477000         1.000000        0
         0.478000         1.000000        0
         0.479000         1.000000        0
         0.480000         1.000000        0
         0.481000         1.000000        0
         0.482000         1.000000        0
         0.483000         1.000000        0
         0.484000         1.000000        0
         0.485000         1.000000        0
         0.486000         1.000000        0
         0.487000         1.000000        0
         0.488000         1.000000        0
         0.489000         1.000000        0
         0.490000         1.000000        0
         0.491000         1.000000        0
         0.492000         1.000000        0
         0.493000         1.000000        0
         0.494000         1.000000        0
         0.495000         1.000000        0
         0.496000         1.000000        0
         0.497000         1.000000        0
         0.498000         1.000000        0
         0.499000         1.000000        0
         0.500000         1.000000        0
         0.501000         1.000000        0
         0.502000         1.000000        0
         0.503000         1.000000        0
         0.504000         1.000000        0
         0.505000         1.000000        0
         0.506000         1.000000        0
         0.507000         1.000000        0
         0.508000         1.000000        0
         0.509000         1.000000        0
         0.510000         1.000000        0
         0.511000         1.000000        0
         0.512000         1.000000        0
         0.513000         1.000000        0
         0.514000         1.000000        0
         0.515000         1.000000        0
         0.516000         1.000000        0
         0.517000         1.000000        0
         0.518000         1.000000        0
         0.519000         1.000000        0
         0.520000         1.000000        0
         0.521000         1.000000        0
         0.522000         1.000000        0
         0.523000         1.000000        0
         0.524000         1.000000        0
         0.525000         1.000000        0
         0.526000         1.000000        0
         0.527000         1.000000        0
         0.528000         1.000000        0
         0.529000         1.000000        0
         0.530000         1.000000        0
         0.531000         1.000000        0
         0.532000         1.000000        0
         0.533000         1.000000        0
         0.534000         1.000000        0
         0.535000         1.000000        0
         0.536000         1.000000        0
         0.537000         1.000000        0
         0.538000         0.999999        0
         0.539000         0.999999        0
         0.540000         0.999998        0
         0.541000         0.999998        0
         0.542000         0.999997        0
         0.543000         0.999996        0
         0.544000         0.999994        0
         0.545000         0.999993        0
         0.546000         0.999991        0
         0.547000         0.999989        0
         0.548000         0.999987        0
         0.549000         0.999985        0
         0.550000         0.999982        0
         0.551000         0.999979        0
         0.552000         0.999976        0
         0.553000         0.999972        0
         0.554000         0.999968        0
         0.555000         0.999963        0
         0.556000         0.999958        0
         0.557000         0.999953        0
         0.558000         0.999947        0
         0.559000         0.999941        0
         0.560000         0.999934        0
         0.561000         0.999927        0
         0.562000         0.999919        0
         0.563000         0.999910        0
         0.564000         0.999901        0
         0.565000         0.999892        0
         0.566000         0.999881        0
         0.567000         0.999870        0
         0.568000         0.999859        0
         0.569000         0.999846        0
         0.570000         0.999833        0
         0.571000         0.999819        0
         0.572000         0.999804        0
         0.573000         0.999789        0
         0.574000         0.999773        0
         0.575000         0.999755        0
         0.576000         0.999737        0
         0.577000         0.999719        0
         0.578000         0.999699        0
         0.579000         0.999678        0
         0.580000         0.999656        0
         0.581000         0.999633        0
         0.582000         0.999610        0
         0.583000         0.999585        0
         0.584000         0.999559        0
         0.585000         0.999532        0
         0.586000         0.999504        0
         0.587000         0.999475        0
         0.588000         0.999445        0
         0.589000         0.999413        0
         0.590000         0.999381        0
         0.591000         0.999347        0
         0.592000         0.999312        0
         0.593000         0.999276        0
         0.594000         0.999238        0
         0.595000         0.999199        0
         0.596000         0.999160        0
         0.597000         0.999118        0
         0.598000         0.999076        0
         0.599000         0.999032        0
         0.600000         0.998987        0
         0.601000         0.998940        0
         0.602000         0.998893        0
         0.603000         0.998843        0
         0.604000         0.998793        0
         0.605000         0.998741        0
         0.606000         0.998688        0
         0.607000         0.998633        0
         0.608000         0.998577        0
         0.609000         0.998520        0
         0.610000         0.998461        0
         0.611000         0.998401        0
         0.612000         0.998340        0
         0.613000         0.998277        0
         0.614000         0.998213        0
         0.615000         0.998147        0
         0.616000         0.998080        0
         0.617000         0.998012        0
         0.618000         0.997942        0
         0.619000         0.997871        0
         0.620000         0.997798        0
         0.621000         0.997725        0
         0.622000         0.997650        0
         0.623000         0.997573        0
         0.624000         0.997495        0
         0.625000         0.997417        0
         0.626000         0.997336        0
         0.627000         0.997255        0
         0.628000         0.997172        0
         0.629000         0.997088        0
         0.630000         0.997003        0
         0.631000         0.996917        0
         0.632000         0.996829        0
         0.633000         0.996741        0
         0.634000         0.996651        0
         0.635000         0.996560        0
         0.636000         0.996468        0
         0.637000         0.996375        0
         0.638000         0.996282        0
         0.639000         0.996187        0
         0.640000         0.996091        0
         0.641000         0.995994        0
         0.642000         0.995897        0
         0.643000         0.995798        0
         0.644000         0.995699        0
         0.645000         0.995599        0
         0.646000         0.995498        0
         0.647000         0.995397        0
         0.648000         0.995295        0
         0.649000         0.995192        0
         0.650000         0.995089        0
         0.651000         0.994985        0
         0.652000         0.994881        0
         0.653000         0.994776        0
         0.654000         0.994671        0
         0.655000         0.994566        0
         0.656000         0.994460        0
         0.657000         0.994354        0
         0.658000         0.994247        0
         0.659000         0.994141        0
         0.660000         0.994034        0
         0.661000         0.993927        0
         0.662000         0.993821        0
         0.663000         0.993714        0
         0.664000         0.993607        0
         0.665000         0.993500        0
         0.666000         0.993394        0
         0.667000         0.993288        0
         0.668000         0.993182        0
         0.669000         0.993076        0
         0.670000         0.992971        0
         0.671000         0.992866        0
         0.672000         0.992761        0
         0.673000         0.992657        0
         0.674000         0.992554        0
         0.675000         0.992451        0
         0.676000         0.992349        0
         0.677000         0.992247        0
         0.678000         0.992146        0
         0.679000         0.992046        0
         0.680000         0.991947        0
         0.681000         0.991848        0
         0.682000         0.991750        0
         0.683000         0.991654        0
         0.684000         0.991558        0
         0.685000         0.991463        0
         0.686000         0.991369        0
         0.687000         0.991276        0
         0.688000         0.991185        0
         0.689000         0.991094        0
         0.690000         0.991005        0
         0.691000         0.990917        0
         0.692000         0.990830        0
         0.693000         0.990744        0
         0.694000         0.990660        0
         0.695000         0.990578        0
         0.696000         0.990496        0
         0.697000         0.990417        0
         0.698000         0.990338        0
         0.699000         0.990262        0
         0.700000         0.990186        0
         0.701000         0.990113        0
         0.702000         0.990041        0
         0.703000         0.989971        0
         0.704000         0.989902        0
         0.705000         0.989835        0
         0.706000         0.989770        0
         0.707000         0.989707        0
         0.708000         0.989646        0
         0.709000         0.989587        0
         0.710000         0.989529        0
         0.711000         0.989473        0
         0.712000         0.989420        0
         0.713000         0.989368        0
         0.714000         0.989318        0
         0.715000         0.989271        0
         0.716000         0.989225        0
         0.717000         0.989182        0
         0.718000         0.989140        0
         0.719000         0.989101        0
         0.720000         0.989064        0
         0.721000         0.989029        0
         0.722000         0.988996        0
         0.723000         0.988965        0
         0.724000         0.988937        0
         0.725000         0.988911        0
         0.726000         0.988887        0
         0.727000         0.988865        0
         0.728000         0.988845        0
         0.729000         0.988828        0
         0.730000         0.988813        0
         0.731000         0.988800        0
         0.732000         0.988790        0
         0.733000         0.988782        0
         0.734000         0.988776        0
         0.735000         0.988772        0
         0.736000         0.988771        0
         0.737000         0.988772        0
         0.738000         0.988775        0
         0.739000         0.988781        0
         0.740000         0.988789        0
         0.741000         0.988799        0
         0.742000         0.988812        0
         0.743000         0.988826        0
         0.744000         0.988843        0
         0.745000         0.988862        0
         0.746000         0.988884        0
         0.747000         0.988908        0
         0.748000         0.988934        0
         0.749000         0.988962        0
         0.750000         0.988992        0
         0.751000         0.989025        0
         0.752000         0.989060        0
         0.753000         0.989096        0
         0.754000         0.989135        0
         0.755000         0.989177        0
         0.756000         0.989220        0
         0.757000         0.989265        0
         0.758000         0.989312        0
         0.759000         0.989362        0
         0.760000         0.989413        0
         0.761000         0.989466        0
         0.762000         0.989522        0
         0.763000         0.989579        0
         0.764000         0.989638        0
         0.765000         0.989699        0
         0.766000         0.989762        0
         0.767000         0.989826        0
         0.768000         0.989892        0
         0.769000         0.989960        0
         0.770000         0.990030        0
         0.771000         0.990101        0
         0.772000         0.990174        0
         0.773000         0.990249        0
         0.774000         0.990325        0
         0.775000         0.990403        0
         0.776000         0.990482        0
         0.777000         0.990562        0
         0.778000         0.990644        0
         0.779000         0.990728        0
         0.780000         0.990812        0
         0.781000         0.990898        0
         0.782000         0.990985        0
         0.783000         0.991073        0
         0.784000         0.991163        0
         0.785000         0.991253        0
         0.786000         0.991344        0
         0.787000         0.991437        0
         0.788000         0.991530        0
         0.789000         0.991625        0
         0.790000         0.991720        0
         0.791000         0.991816        0
         0.792000         0.991913        0
         0.793000         0.992010        0
         0.794000         0.992108        0
         0.795000         0.992207        0
         0.796000         0.992306        0
         0.797000         0.992406        0
         0.798000         0.992507        0
         0.799000         0.992608        0
         0.800000         0.992709        0
         0.801000         0.992810        0
         0.802000         0.992912        0
         0.803000         0.993014        0
         0.804000         0.993117        0
         0.805000         0.993219        0
         0.806000         0.993322        0
         0.807000         0.993425        0
         0.808000         0.993527        0
         0.809000         0.993630        0
         0.810000         0.993733        0
         0.811000         0.993836        0
         0.812000         0.993938        0
         0.813000         0.994040        0
         0.814000         0.994142        0
         0.815000         0.994244        0
         0.816000         0.994346        0
         0.817000         0.994447        0
         0.818000         0.994548        0
         0.819000         0.994648        0
         0.820000         0.994748        0
         0.821000         0.994847        0
         0.822000         0.994946        0
         0.823000         0.995045        0
         0.824000         0.995143        0
         0.825000         0.995240        0
         0.826000         0.995336        0
         0.827000         0.995432        0
         0.828000         0.995527        0
         0.829000         0.995621        0
         0.830000         0.995715        0
         0.831000         0.995808        0
         0.832000         0.995900        0
         0.833000         0.995991        0
         0.834000         0.996081        0
         0.835000         0.996170        0
         0.836000         0.996259        0
         0.837000         0.996346        0
         0.838000         0.996433        0
         0.839000         0.996518        0
         0.840000         0.996603        0
         0.841000         0.996686        0
         0.842000         0.996769        0
         0.843000         0.996850        0
         0.844000         0.996930        0
         0.845000         0.997010        0
         0.846000         0.997088        0
         0.847000         0.997165        0
         0.848000         0.997241        0
         0.849000         0.997315        0
         0.850000         0.997389        0
         0.851000         0.997461        0
         0.852000         0.997533        0
         0.853000         0.997603        0
         0.854000         0.997672        0
         0.855000         0.997739        0
         0.856000         0.997806        0
         0.857000         0.997871        0
         0.858000         0.997935        0
         0.859000         0.997998        0
         0.860000         0.998060        0
         0.861000         0.998121        0
         0.862000         0.998180        0
         0.863000         0.998238        0
         0.864000         0.998295        0
         0.865000         0.998351        0
         0.866000         0.998406        0
         0.867000         0.998459        0
         0.868000         0.998511        0
         0.869000         0.998562        0
         0.870000         0.998612        0
         0.871000         0.998661        0
         0.872000         0.998708        0
         0.873000         0.998755        0
         0.874000         0.998800        0
         0.875000         0.998844        0
         0.876000         0.998887        0
         0.877000         0.998929        0
         0.878000         0.998970        0
         0.879000         0.999010        0
         0.880000         0.999048        0
         0.881000         0.999086        0
         0.882000         0.999122        0
         0.883000         0.999158        0
         0.884000         0.999192        0
         0.885000         0.999226        0
         0.886000         0.999258        0
         0.887000         0.999290        0
         0.888000         0.999320        0
         0.889000         0.999350        0
         0.890000         0.999378        0
         0.891000         0.999406        0
         0.892000         0.999433        0
         0.893000         0.999459        0
         0.894000         0.999484        0
         0.895000         0.999508        0
         0.896000         0.999531        0
         0.897000         0.999553        0
         0.898000         0.999575        0
         0.899000         0.999596        0
         0.900000         0.999616        0
         0.901000         0.999635        0
         0.902000         0.999654        0
         0.903000         0.999672        0
         0.904000         0.999689        0
         0.905000         0.999705        0
         0.906000         0.999721        0
         0.907000         0.999736        0
         0.908000         0.999751        0
         0.909000         0.999765        0
         0.910000         0.999778        0
         0.911000         0.999791        0
         0.912000         0.999803        0
         0.913000         0.999814        0
         0.914000         0.999825        0
         0.915000         0.999836        0
         0.916000         0.999846        0
         0.917000         0.999856        0
         0.918000         0.999865        0
         0.919000         0.999873        0
         0.920000         0.999882        0
         0.921000         0.999889        0
         0.922000         0.999897        0
         0.923000         0.999904        0
         0.924000         0.999910        0
         0.925000         0.999917        0
         0.926000         0.999923        0
         0.927000         0.999928        0
         0.928000         0.999934        0
         0.929000         0.999939        0
         0.930000         0.999943        0
         0.931000         0.999948        0
         0.932000         0.999952        0
         0.933000         0.999956        0
         0.934000         0.999960        0
         0.935000         0.999964        0
         0.936000         0.999967        0
         0.937000         0.999970        0
         0.938000         0.999973        0
         0.939000         0.999976        0
         0.940000         0.999979        0
         0.941000         0.999981        0
         0.942000         0.999984        0
         0.943000         0.999986        0
         0.944000         0.999988        0
         0.945000         0.999989        0
         0.946000         0.999991        0
         0.947000         0.999992        0
         0.948000         0.999994        0
         0.949000         0.999995        0
         0.950000         0.999996        0
         0.951000         0.999997        0
         0.952000         0.999998        0
         0.953000         0.999998        0
         0.954000         0.999999        0
         0.955000         0.999999        0
         0.956000         0.999999        0
         0.957000         1.000000        0
         0.958000         1.000000        0
         0.959000         1.000000        0
         0.960000         1.000000        0
         0.961000         1.000000        0
         0.962000         1.000000        0
         0.963000         1.000000        0
         0.964000         1.000000        0
         0.965000         1.000000        0
         0.966000         1.000000        0
         0.967000         1.000000        0
         0.968000         1.000000        0
         0.969000         1.000000        0
         0.970000         1.000000        0
         0.971000         1.000000        0
         0.972000         1.000000        0
         0.973000         1.000000        0
         0.974000         1.000000        0
         0.975000         1.000000        0
         0.976000         1.000000        0
         0.977000         1.000000        0
         0.978000         1.000000        0
         0.979000         1.000000        0
         0.980000         1.000000        0
         0.981000         1.000000        0
         0.982000         1.000000        0
         0.983000         1.000000        0
         0.984000         1.000000        0
         0.985000         1.000000        0
         0.986000         1.000000        0
         0.987000         1.000000        0
         0.988000         1.000000        0
         0.989000         1.000000        0
         0.990000         1.000000        0
         0.991000         1.000000        0
         0.992000         1.000000        0
         0.993000         1.000000        0
         0.994000         1.000000        0
         0.995000         1.000000        0
         0.996000         1.000000        0
         0.997000         1.000000        0
         0.998000         1.000000        0
         0.999000         1.000000        0
         1.000000         1.000000        0
         1.001000         1.000000        0
