         0.001000         1.005998        0
         0.002000         1.006018        0
         0.003000         1.006037        0
         0.004000         1.006055        0
         0.005000         1.006071        0
         0.006000         1.006086        0
         0.007000         1.006099        0
         0.008000         1.006111        0
         0.009000         1.006122        0
         0.010000         1.006131        0
         0.011000         1.006139        0
         0.012000         1.006145        0
         0.013000         1.006150        0
         0.014000         1.006153        0
         0.015000         1.006155        0
         0.016000         1.006156        0
         0.017000         1.006155        0
         0.018000         1.006153        0
         0.019000         1.006149        0
         0.020000         1.006144        0
         0.021000         1.006138        0
         0.022000         1.006130        0
         0.023000         1.006121        0
         0.024000         1.006110        0
         0.025000         1.006098        0
         0.026000         1.006084        0
         0.027000         1.006069        0
         0.028000         1.006053        0
         0.029000         1.006035        0
         0.030000         1.006016        0
         0.031000         1.005995        0
         0.032000         1.005973        0
         0.033000         1.005950        0
         0.034000         1.005926        0
         0.035000         1.005900        0
         0.036000         1.005872        0
         0.037000         1.005844        0
         0.038000         1.005814        0
         0.039000         1.005783        0
         0.040000         1.005750        0
         0.041000         1.005717        0
         0.042000         1.005682        0
         0.043000         1.005646        0
         0.044000         1.005608        0
         0.045000         1.005569        0
         0.046000         1.005530        0
         0.047000         1.005489        0
         0.048000         1.005446        0
         0.049000         1.005403        0
         0.050000         1.005359        0
         0.051000         1.005313        0
         0.052000         1.005266        0
         0.053000         1.005219        0
         0.054000         1.005170        0
         0.055000         1.005120        0
         0.056000         1.005069        0
         0.057000         1.005018        0
         0.058000         1.004965        0
         0.059000         1.004911        0
         0.060000         1.004857        0
         0.061000         1.004801        0
         0.062000         1.004745        0
         0.063000         1.004688        0
         0.064000         1.004630        0
         0.065000         1.004571        0
         0.066000         1.004511        0
         0.067000         1.004451        0
         0.068000         1.004390        0
         0.069000         1.004329        0
         0.070000         1.004266        0
         0.071000         1.004203        0
         0.072000         1.004140        0
         0.073000         1.004076        0
         0.074000         1.004012        0
         0.075000         1.003947        0
         0.076000         1.003881        0
         0.077000         1.003815        0
         0.078000         1.003749        0
         0.079000         1.003682        0
         0.080000         1.003615        0
         0.081000         1.003548        0
         0.082000         1.003481        0
         0.083000         1.003413        0
         0.084000         1.003345        0
         0.085000         1.003277        0
         0.086000         1.003209        0
         0.087000         1.003141        0
         0.088000         1.003073        0
         0.089000         1.003005        0
         0.090000         1.002937        0
         0.091000         1.002869        0
         0.092000         1.002801        0
         0.093000         1.002733        0
         0.094000         1.002666        0
         0.095000         1.002599        0
         0.096000         1.002532        0
         0.097000         1.002466        0
         0.098000         1.002400        0
         0.099000         1.002335        0
         0.100000         1.002271        0
         0.101000         1.002207        0
         0.102000         1.002143        0
         0.103000         1.002081        0
         0.104000         1.002019        0
         0.105000         1.001957        0
         0.106000         1.001897        0
         0.107000         1.001837        0
         0.108000         1.001778        0
         0.109000         1.001720        0
         0.110000         1.001663        0
         0.111000         1.001606        0
         0.112000         1.001551        0
         0.113000         1.001496        0
         0.114000         1.001443        0
         0.115000         1.001390        0
         0.116000         1.001338        0
         0.117000         1.001288        0
         0.118000         1.001238        0
         0.119000         1.001189        0
         0.120000         1.001141        0
         0.121000         1.001095        0
         0.122000         1.001049        0
         0.123000         1.001004        0
         0.124000         1.000961        0
         0.125000         1.000918        0
         0.126000         1.000877        0
         0.127000         1.000836        0
         0.128000         1.000797        0
         0.129000         1.000758        0
         0.130000         1.000721        0
         0.131000         1.000684        0
         0.132000         1.000648        0
         0.133000         1.000613        0
         0.134000         1.000580        0
         0.135000         1.000547        0
         0.136000         1.000514        0
         0.137000         1.000483        0
         0.138000         1.000453        0
         0.139000         1.000423        0
         0.140000         1.000394        0
         0.141000         1.000366        0
         0.142000         1.000339        0
         0.143000         1.000312        0
         0.144000         1.000286        0
         0.145000         1.000261        0
         0.146000         1.000237        0
         0.147000         1.000213        0
         0.148000         1.000189        0
         0.149000         1.000167        0
         0.150000         1.000145        0
         0.151000         1.000123        0
         0.152000         1.000102        0
         0.153000         1.000081        0
         0.154000         1.000061        0
         0.155000         1.000041        0
         0.156000         1.000022        0
         0.157000         1.000003        0
         0.158000         0.999984        0
         0.159000         0.999966        0
         0.160000         0.999948        0
         0.161000         0.999930        0
         0.162000         0.999913        0
         0.163000         0.999896        0
         0.164000         0.999878        0
         0.165000         0.999861        0
         0.166000         0.999845        0
         0.167000         0.999828        0
         0.168000         0.999811        0
         0.169000         0.999794        0
         0.170000         0.999778        0
         0.171000         0.999761        0
         0.172000         0.999744        0
         0.173000         0.999727        0
         0.174000         0.999710        0
         0.175000         0.999693        0
         0.176000         0.999676        0
         0.177000         0.999659        0
         0.178000         0.999641        0
         0.179000         0.999623        0
         0.180000         0.999605        0
         0.181000         0.999586        0
         0.182000         0.999567        0
         0.183000         0.999548        0
         0.184000         0.999528        0
         0.185000         0.999508        0
         0.186000         0.999487        0
         0.187000         0.999466        0
         0.188000         0.999444        0
         0.189000         0.999422        0
         0.190000         0.999400        0
         0.191000         0.999377        0
         0.192000         0.999354        0
         0.193000         0.999331        0
         0.194000         0.999307        0
         0.195000         0.999283        0
         0.196000         0.999258        0
         0.197000         0.999233        0
         0.198000         0.999208        0
         0.199000         0.999182        0
         0.200000         0.999157        0
         0.201000         0.999130        0
         0.202000         0.999104        0
         0.203000         0.999077        0
         0.204000         0.999050        0
         0.205000         0.999023        0
         0.206000         0.998996        0
         0.207000         0.998968        0
         0.208000         0.998940        0
         0.209000         0.998912        0
         0.210000         0.998884        0
         0.211000         0.998855        0
         0.212000         0.998827        0
         0.213000         0.998798        0
         0.214000         0.998770        0
         0.215000         0.998741        0
         0.216000         0.998712        0
         0.217000         0.998683        0
         0.218000         0.998654        0
         0.219000         0.998625        0
         0.220000         0.998596        0
         0.221000         0.998567        0
         0.222000         0.998538        0
         0.223000         0.998509        0
         0.224000         0.998480        0
         0.225000         0.998451        0
         0.226000         0.998423        0
         0.227000         0.998394        0
         0.228000         0.998366        0
         0.229000         0.998337        0
         0.230000         0.998309        0
         0.231000         0.998281        0
         0.232000         0.998253        0
         0.233000         0.998226        0
         0.234000         0.998199        0
         0.235000         0.998172        0
         0.236000         0.998145        0
         0.237000         0.998118        0
         0.238000         0.998092        0
         0.239000         0.998066        0
         0.240000         0.998041        0
         0.241000         0.998016        0
         0.242000         0.997991        0
         0.243000         0.997966        0
         0.244000         0.997942        0
         0.245000         0.997919        0
         0.246000         0.997896        0
         0.247000         0.997873        0
         0.248000         0.997850        0
         0.249000         0.997829        0
         0.250000         0.997807        0
         0.251000         0.997786        0
         0.252000         0.997766        0
         0.253000         0.997746        0
         0.254000         0.997727        0
         0.255000         0.997708        0
         0.256000         0.997690        0
         0.257000         0.997673        0
         0.258000         0.997656        0
         0.259000         0.997639        0
         0.260000         0.997623        0
         0.261000         0.997608        0
         0.262000         0.997593        0
         0.263000         0.997579        0
         0.264000         0.997566        0
         0.265000         0.997553        0
         0.266000         0.997541        0
         0.267000         0.997530        0
         0.268000         0.997519        0
         0.269000         0.997509        0
         0.270000         0.997500        0
         0.271000         0.997491        0
         0.272000         0.997483        0
         0.273000         0.997476        0
         0.274000         0.997469        0
         0.275000         0.997463        0
         0.276000         0.997458        0
         0.277000         0.997453        0
         0.278000         0.997450        0
         0.279000         0.997446        0
         0.280000         0.997444        0
         0.281000         0.997442        0
         0.282000         0.997441        0
         0.283000         0.997441        0
         0.284000         0.997441        0
         0.285000         0.997443        0
         0.286000         0.997445        0
         0.287000         0.997447        0
         0.288000         0.997450        0
         0.289000         0.997454        0
         0.290000         0.997459        0
         0.291000         0.997465        0
         0.292000         0.997471        0
         0.293000         0.997477        0
         0.294000         0.997485        0
         0.295000         0.997493        0
         0.296000         0.997502        0
         0.297000         0.997512        0
         0.298000         0.997522        0
         0.299000         0.997533        0
         0.300000         0.997544        0
         0.301000         0.997557        0
         0.302000         0.997569        0
         0.303000         0.997583        0
         0.304000         0.997597        0
         0.305000         0.997612        0
         0.306000         0.997627        0
         0.307000         0.997643        0
         0.308000         0.997660        0
         0.309000         0.997677        0
         0.310000         0.997695        0
         0.311000         0.997713        0
         0.312000         0.997732        0
         0.313000         0.997751        0
         0.314000         0.997771        0
         0.315000         0.997792        0
         0.316000         0.997813        0
         0.317000         0.997834        0
         0.318000         0.997856        0
         0.319000         0.997878        0
         0.320000         0.997901        0
         0.321000         0.997925        0
         0.322000         0.997948        0
         0.323000         0.997972        0
         0.324000         0.997997        0
         0.325000         0.998022        0
         0.326000         0.998047        0
         0.327000         0.998073        0
         0.328000         0.998099        0
         0.329000         0.998125        0
         0.330000         0.998151        0
         0.331000         0.998178        0
         0.332000         0.998205        0
         0.333000         0.998233        0
         0.334000         0.998260        0
         0.335000         0.998288        0
         0.336000         0.998316        0
         0.337000         0.998344        0
         0.338000         0.998373        0
         0.339000         0.998401        0
         0.340000         0.998430        0
         0.341000         0.998458        0
         0.342000         0.998487        0
         0.343000         0.998516        0
         0.344000         0.998545        0
         0.345000         0.998574        0
         0.346000         0.998603        0
         0.347000         0.998632        0
         0.348000         0.998661        0
         0.349000         0.998690        0
         0.350000         0.998719        0
         0.351000         0.998748        0
         0.352000         0.998777        0
         0.353000         0.998806        0
         0.354000         0.998835        0
         0.355000         0.998864        0
         0.356000         0.998893        0
         0.357000         0.998922        0
         0.358000         0.998952        0
         0.359000         0.998981        0
         0.360000         0.999011        0
         0.361000         0.999041        0
         0.362000         0.999071        0
         0.363000         0.999101        0
         0.364000         0.999132        0
         0.365000         0.999162        0
         0.366000         0.999193        0
         0.367000         0.999224        0
         0.368000         0.999256        0
         0.369000         0.999288        0
         0.370000         0.999319        0
         0.371000         0.999352        0
         0.372000         0.999384        0
         0.373000         0.999417        0
         0.374000         0.999450        0
         0.375000         0.999484        0
         0.376000         0.999518        0
         0.377000         0.999552        0
         0.378000         0.999587        0
         0.379000         0.999622        0
         0.380000         0.999657        0
         0.381000         0.999693        0
         0.382000         0.999730        0
         0.383000         0.999767        0
         0.384000         0.999804        0
         0.385000         0.999842        0
         0.386000         0.999880        0
         0.387000         0.999919        0
         0.388000         0.999958        0
         0.389000         0.999998        0
         0.390000         1.000038        0
         0.391000         1.000079        0
         0.392000         1.000120        0
         0.393000         1.000162        0
         0.394000         1.000204        0
         0.395000         1.000248        0
         0.396000         1.000291        0
         0.397000         1.000335        0
         0.398000         1.000380        0
         0.399000         1.000426        0
         0.400000         1.000472        0
         0.401000         1.000518        0
         0.402000         1.000566        0
         0.403000         1.000614        0
         0.404000         1.000662        0
         0.405000         1.000711        0
         0.406000         1.000761        0
         0.407000         1.000812        0
         0.408000         1.000863        0
         0.409000         1.000915        0
         0.410000         1.000967        0
         0.411000         1.001020        0
         0.412000         1.001074        0
         0.413000         1.001128        0
         0.414000         1.001183        0
         0.415000         1.001239        0
         0.416000         1.001295        0
         0.417000         1.001352        0
         0.418000         1.001409        0
         0.419000         1.001467        0
         0.420000         1.001526        0
         0.421000         1.001585        0
         0.422000         1.001645        0
         0.423000         1.001706        0
         0.424000         1.001767        0
         0.425000         1.001829        0
         0.426000         1.001891        0
         0.427000         1.001953        0
         0.428000         1.002017        0
         0.429000         1.002080        0
         0.430000         1.002145        0
         0.431000         1.002209        0
         0.432000         1.002274        0
         0.433000         1.002340        0
         0.434000         1.002406        0
         0.435000         1.002472        0
         0.436000         1.002539        0
         0.437000         1.002606        0
         0.438000         1.002673        0
         0.439000         1.002741        0
         0.440000         1.002808        0
         0.441000         1.002876        0
         0.442000         1.002944        0
         0.443000         1.003012        0
         0.444000         1.003081        0
         0.445000         1.003149        0
         0.446000         1.003217        0
         0.447000         1.003285        0
         0.448000         1.003353        0
         0.449000         1.003421        0
         0.450000         1.003488        0
         0.451000         1.003556        0
         0.452000         1.003623        0
         0.453000         1.003690        0
         0.454000         1.003756        0
         0.455000         1.003823        0
         0.456000         1.003888        0
         0.457000         1.003954        0
         0.458000         1.004019        0
         0.459000         1.004083        0
         0.460000         1.004147        0
         0.461000         1.004210        0
         0.462000         1.004273        0
         0.463000         1.004335        0
         0.464000         1.004397        0
         0.465000         1.004458        0
         0.466000         1.004518        0
         0.467000         1.004577        0
         0.468000         1.004636        0
         0.469000         1.004694        0
         0.470000         1.004751        0
         0.471000         1.004807        0
         0.472000         1.004863        0
         0.473000         1.004917        0
         0.474000         1.004971        0
         0.475000         1.005023        0
         0.476000         1.005075        0
         0.477000         1.005126        0
         0.478000         1.005175        0
         0.479000         1.005224        0
         0.480000         1.005272        0
         0.481000         1.005318        0
         0.482000         1.005364        0
         0.483000         1.005408        0
         0.484000         1.005451        0
         0.485000         1.005493        0
         0.486000         1.005534        0
         0.487000         1.005574        0
         0.488000         1.005612        0
         0.489000         1.005650        0
         0.490000         1.005686        0
         0.491000         1.005721        0
         0.492000         1.005754        0
         0.493000         1.005786        0
         0.494000         1.005817        0
         0.495000         1.005847        0
         0.496000         1.005876        0
         0.497000         1.005903        0
         0.498000         1.005928        0
         0.499000         1.005953        0
         0.500000         1.005976        0
         0.501000         1.005998        0
         0.502000         1.006018        0
         0.503000         1.006037        0
         0.504000         1.006055        0
         0.505000         1.006071        0
         0.506000         1.006086        0
         0.507000         1.006099        0
         0.508000         1.006111        0
         0.509000         1.006122        0
         0.510000         1.006131        0
         0.511000         1.006139        0
         0.512000         1.006145        0
         0.513000         1.006150        0
         0.514000         1.006153        0
         0.515000         1.006155        0
         0.516000         1.006156        0
         0.517000         1.006155        0
         0.518000         1.006153        0
         0.519000         1.006149        0
         0.520000         1.006144        0
         0.521000         1.006138        0
         0.522000         1.006130        0
         0.523000         1.006121        0
         0.524000         1.006110        0
         0.525000         1.006098        0
         0.526000         1.006084        0
         0.527000         1.006069        0
         0.528000         1.006053        0
         0.529000         1.006035        0
         0.530000         1.006016        0
         0.531000         1.005995        0
         0.532000         1.005973        0
         0.533000         1.005950        0
         0.534000         1.005926        0
         0.535000         1.005900        0
         0.536000         1.005872        0
         0.537000         1.005844        0
         0.538000         1.005814        0
         0.539000         1.005783        0
         0.540000         1.005750        0
         0.541000         1.005717        0
         0.542000         1.005682        0
         0.543000         1.005646        0
         0.544000         1.005608        0
         0.545000         1.005569        0
         0.546000         1.005530        0
         0.547000         1.005489        0
         0.548000         1.005446        0
         0.549000         1.005403        0
         0.550000         1.005359        0
         0.551000         1.005313        0
         0.552000         1.005266        0
         0.553000         1.005219        0
         0.554000         1.005170        0
         0.555000         1.005120        0
         0.556000         1.005069        0
         0.557000         1.005018        0
         0.558000         1.004965        0
         0.559000         1.004911        0
         0.560000         1.004857        0
         0.561000         1.004801        0
         0.562000         1.004745        0
         0.563000         1.004688        0
         0.564000         1.004630        0
         0.565000         1.004571        0
         0.566000         1.004511        0
         0.567000         1.004451        0
         0.568000         1.004390        0
         0.569000         1.004329        0
         0.570000         1.004266        0
         0.571000         1.004203        0
         0.572000         1.004140        0
         0.573000         1.004076        0
         0.574000         1.004012        0
         0.575000         1.003947        0
         0.576000         1.003881        0
         0.577000         1.003815        0
         0.578000         1.003749        0
         0.579000         1.003682        0
         0.580000         1.003615        0
         0.581000         1.003548        0
         0.582000         1.003481        0
         0.583000         1.003413        0
         0.584000         1.003345        0
         0.585000         1.003277        0
         0.586000         1.003209        0
         0.587000         1.003141        0
         0.588000         1.003073        0
         0.589000         1.003005        0
         0.590000         1.002937        0
         0.591000         1.002869        0
         0.592000         1.002801        0
         0.593000         1.002733        0
         0.594000         1.002666        0
         0.595000         1.002599        0
         0.596000         1.002532        0
         0.597000         1.002466        0
         0.598000         1.002400        0
         0.599000         1.002335        0
         0.600000         1.002271        0
         0.601000         1.002207        0
         0.602000         1.002143        0
         0.603000         1.002081        0
         0.604000         1.002019        0
         0.605000         1.001957        0
         0.606000         1.001897        0
         0.607000         1.001837        0
         0.608000         1.001778        0
         0.609000         1.001720        0
         0.610000         1.001663        0
         0.611000         1.001606        0
         0.612000         1.001551        0
         0.613000         1.001496        0
         0.614000         1.001443        0
         0.615000         1.001390        0
         0.616000         1.001338        0
         0.617000         1.001288        0
         0.618000         1.001238        0
         0.619000         1.001189        0
         0.620000         1.001141        0
         0.621000         1.001095        0
         0.622000         1.001049        0
         0.623000         1.001004        0
         0.624000         1.000961        0
         0.625000         1.000918        0
         0.626000         1.000877        0
         0.627000         1.000836        0
         0.628000         1.000797        0
         0.629000         1.000758        0
         0.630000         1.000721        0
         0.631000         1.000684        0
         0.632000         1.000648        0
         0.633000         1.000613        0
         0.634000         1.000580        0
         0.635000         1.000547        0
         0.636000         1.000514        0
         0.637000         1.000483        0
         0.638000         1.000453        0
         0.639000         1.000423        0
         0.640000         1.000394        0
         0.641000         1.000366        0
         0.642000         1.000339        0
         0.643000         1.000312        0
         0.644000         1.000286        0
         0.645000         1.000261        0
         0.646000         1.000237        0
         0.647000         1.000213        0
         0.648000         1.000189        0
         0.649000         1.000167        0
         0.650000         1.000145        0
         0.651000         1.000123        0
         0.652000         1.000102        0
         0.653000         1.000081        0
         0.654000         1.000061        0
         0.655000         1.000041        0
         0.656000         1.000022        0
         0.657000         1.000003        0
         0.658000         0.999984        0
         0.659000         0.999966        0
         0.660000         0.999948        0
         0.661000         0.999930        0
         0.662000         0.999913        0
         0.663000         0.999896        0
         0.664000         0.999878        0
         0.665000         0.999861        0
         0.666000         0.999845        0
         0.667000         0.999828        0
         0.668000         0.999811        0
         0.669000         0.999794        0
         0.670000         0.999778        0
         0.671000         0.999761        0
         0.672000         0.999744        0
         0.673000         0.999727        0
         0.674000         0.999710        0
         0.675000         0.999693        0
         0.676000         0.999676        0
         0.677000         0.999659        0
         0.678000         0.999641        0
         0.679000         0.999623        0
         0.680000         0.999605        0
         0.681000         0.999586        0
         0.682000         0.999567        0
         0.683000         0.999548        0
         0.684000         0.999528        0
         0.685000         0.999508        0
         0.686000         0.999487        0
         0.687000         0.999466        0
         0.688000         0.999444        0
         0.689000         0.999422        0
         0.690000         0.999400        0
         0.691000         0.999377        0
         0.692000         0.999354        0
         0.693000         0.999331        0
         0.694000         0.999307        0
         0.695000         0.999283        0
         0.696000         0.999258        0
         0.697000         0.999233        0
         0.698000         0.999208        0
         0.699000         0.999182        0
         0.700000         0.999157        0
         0.701000         0.999130        0
         0.702000         0.999104        0
         0.703000         0.999077        0
         0.704000         0.999050        0
         0.705000         0.999023        0
         0.706000         0.998996        0
         0.707000         0.998968        0
         0.708000         0.998940        0
         0.709000         0.998912        0
         0.710000         0.998884        0
         0.711000         0.998855        0
         0.712000         0.998827        0
         0.713000         0.998798        0
         0.714000         0.998770        0
         0.715000         0.998741        0
         0.716000         0.998712        0
         0.717000         0.998683        0
         0.718000         0.998654        0
         0.719000         0.998625        0
         0.720000         0.998596        0
         0.721000         0.998567        0
         0.722000         0.998538        0
         0.723000         0.998509        0
         0.724000         0.998480        0
         0.725000         0.998451        0
         0.726000         0.998423        0
         0.727000         0.998394        0
         0.728000         0.998366        0
         0.729000         0.998337        0
         0.730000         0.998309        0
         0.731000         0.998281        0
         0.732000         0.998253        0
         0.733000         0.998226        0
         0.734000         0.998199        0
         0.735000         0.998172        0
         0.736000         0.998145        0
         0.737000         0.998118        0
         0.738000         0.998092        0
         0.739000         0.998066        0
         0.740000         0.998041        0
         0.741000         0.998016        0
         0.742000         0.997991        0
         0.743000         0.997966        0
         0.744000         0.997942        0
         0.745000         0.997919        0
         0.746000         0.997896        0
         0.747000         0.997873        0
         0.748000         0.997850        0
         0.749000         0.997829        0
         0.750000         0.997807        0
         0.751000         0.997786        0
         0.752000         0.997766        0
         0.753000         0.997746        0
         0.754000         0.997727        0
         0.755000         0.997708        0
         0.756000         0.997690        0
         0.757000         0.997673        0
         0.758000         0.997656        0
         0.759000         0.997639        0
         0.760000         0.997623        0
         0.761000         0.997608        0
         0.762000         0.997593        0
         0.763000         0.997579        0
         0.764000         0.997566        0
         0.765000         0.997553        0
         0.766000         0.997541        0
         0.767000         0.997530        0
         0.768000         0.997519        0
         0.769000         0.997509        0
         0.770000         0.997500        0
         0.771000         0.997491        0
         0.772000         0.997483        0
         0.773000         0.997476        0
         0.774000         0.997469        0
         0.775000         0.997463        0
         0.776000         0.997458        0
         0.777000         0.997453        0
         0.778000         0.997450        0
         0.779000         0.997446        0
         0.780000         0.997444        0
         0.781000         0.997442        0
         0.782000         0.997441        0
         0.783000         0.997441        0
         0.784000         0.997441        0
         0.785000         0.997443        0
         0.786000         0.997445        0
         0.787000         0.997447        0
         0.788000         0.997450        0
         0.789000         0.997454        0
         0.790000         0.997459        0
         0.791000         0.997465        0
         0.792000         0.997471        0
         0.793000         0.997477        0
         0.794000         0.997485        0
         0.795000         0.997493        0
         0.796000         0.997502        0
         0.797000         0.997512        0
         0.798000         0.997522        0
         0.799000         0.997533        0
         0.800000         0.997544        0
         0.801000         0.997557        0
         0.802000         0.997569        0
         0.803000         0.997583        0
         0.804000         0.997597        0
         0.805000         0.997612        0
         0.806000         0.997627        0
         0.807000         0.997643        0
         0.808000         0.997660        0
         0.809000         0.997677        0
         0.810000         0.997695        0
         0.811000         0.997713        0
         0.812000         0.997732        0
         0.813000         0.997751        0
         0.814000         0.997771        0
         0.815000         0.997792        0
         0.816000         0.997813        0
         0.817000         0.997834        0
         0.818000         0.997856        0
         0.819000         0.997878        0
         0.820000         0.997901        0
         0.821000         0.997925        0
         0.822000         0.997948        0
         0.823000         0.997972        0
         0.824000         0.997997        0
         0.825000         0.998022        0
         0.826000         0.998047        0
         0.827000         0.998073        0
         0.828000         0.998099        0
         0.829000         0.998125        0
         0.830000         0.998151        0
         0.831000         0.998178        0
         0.832000         0.998205        0
         0.833000         0.998233        0
         0.834000         0.998260        0
         0.835000         0.998288        0
         0.836000         0.998316        0
         0.837000         0.998344        0
         0.838000         0.998373        0
         0.839000         0.998401        0
         0.840000         0.998430        0
         0.841000         0.998458        0
         0.842000         0.998487        0
         0.843000         0.998516        0
         0.844000         0.998545        0
         0.845000         0.998574        0
         0.846000         0.998603        0
         0.847000         0.998632        0
         0.848000         0.998661        0
         0.849000         0.998690        0
         0.850000         0.998719        0
         0.851000         0.998748        0
         0.852000         0.998777        0
         0.853000         0.998806        0
         0.854000         0.998835        0
         0.855000         0.998864        0
         0.856000         0.998893        0
         0.857000         0.998922        0
         0.858000         0.998952        0
         0.859000         0.998981        0
         0.860000         0.999011        0
         0.861000         0.999041        0
         0.862000         0.999071        0
         0.863000         0.999101        0
         0.864000         0.999132        0
         0.865000         0.999162        0
         0.866000         0.999193        0
         0.867000         0.999224        0
         0.868000         0.999256        0
         0.869000         0.999288        0
         0.870000         0.999319        0
         0.871000         0.999352        0
         0.872000         0.999384        0
         0.873000         0.999417        0
         0.874000         0.999450        0
         0.875000         0.999484        0
         0.876000         0.999518        0
         0.877000         0.999552        0
         0.878000         0.999587        0
         0.879000         0.999622        0
         0.880000         0.999657        0
         0.881000         0.999693        0
         0.882000         0.999730        0
         0.883000         0.999767        0
         0.884000         0.999804        0
         0.885000         0.999842        0
         0.886000         0.999880        0
         0.887000         0.999919        0
         0.888000         0.999958        0
         0.889000         0.999998        0
         0.890000         1.000038        0
         0.891000         1.000079        0
         0.892000         1.000120        0
         0.893000         1.000162        0
         0.894000         1.000204        0
         0.895000         1.000248        0
         0.896000         1.000291        0
         0.897000         1.000335        0
         0.898000         1.000380        0
         0.899000         1.000426        0
         0.900000         1.000472        0
         0.901000         1.000518        0
         0.902000         1.000566        0
         0.903000         1.000614        0
         0.904000         1.000662        0
         0.905000         1.000711        0
         0.906000         1.000761        0
         0.907000         1.000812        0
         0.908000         1.000863        0
         0.909000         1.000915        0
         0.910000         1.000967        0
         0.911000         1.001020        0
         0.912000         1.001074        0
         0.913000         1.001128        0
         0.914000         1.001183        0
         0.915000         1.001239        0
         0.916000         1.001295        0
         0.917000         1.001352        0
         0.918000         1.001409        0
         0.919000         1.001467        0
         0.920000         1.001526        0
         0.921000         1.001585        0
         0.922000         1.001645        0
         0.923000         1.001706        0
         0.924000         1.001767        0
         0.925000         1.001829        0
         0.926000         1.001891        0
         0.927000         1.001953        0
         0.928000         1.002017        0
         0.929000         1.002080        0
         0.930000         1.002145        0
         0.931000         1.002209        0
         0.932000         1.002274        0
         0.933000         1.002340        0
         0.934000         1.002406        0
         0.935000         1.002472        0
         0.936000         1.002539        0
         0.937000         1.002606        0
         0.938000         1.002673        0
         0.939000         1.002741        0
         0.940000         1.002808        0
         0.941000         1.002876        0
         0.942000         1.002944        0
         0.943000         1.003012        0
         0.944000         1.003081        0
         0.945000         1.003149        0
         0.946000         1.003217        0
         0.947000         1.003285        0
         0.948000         1.003353        0
         0.949000         1.003421        0
         0.950000         1.003488        0
         0.951000         1.003556        0
         0.952000         1.003623        0
         0.953000         1.003690        0
         0.954000         1.003756        0
         0.955000         1.003823        0
         0.956000         1.003888        0
         0.957000         1.003954        0
         0.958000         1.004019        0
         0.959000         1.004083        0
         0.960000         1.004147        0
         0.961000         1.004210        0
         0.962000         1.004273        0
         0.963000         1.004335        0
         0.964000         1.004397        0
         0.965000         1.004458        0
         0.966000         1.004518        0
         0.967000         1.004577        0
         0.968000         1.004636        0
         0.969000         1.004694        0
         0.970000         1.004751        0
         0.971000         1.004807        0
         0.972000         1.004863        0
         0.973000         1.004917        0
         0.974000         1.004971        0
         0.975000         1.005023        0
         0.976000         1.005075        0
         0.977000         1.005126        0
         0.978000         1.005175        0
         0.979000         1.005224        0
         0.980000         1.005272        0
         0.981000         1.005318        0
         0.982000         1.005364        0
         0.983000         1.005408        0
         0.984000         1.005451        0
         0.985000         1.005493        0
         0.986000         1.005534        0
         0.987000         1.005574        0
         0.988000         1.005612        0
         0.989000         1.005650        0
         0.990000         1.005686        0
         0.991000         1.005721        0
         0.992000         1.005754        0
         0.993000         1.005786        0
         0.994000         1.005817        0
         0.995000         1.005847        0
         0.996000         1.005876        0
         0.997000         1.005903        0
         0.998000         1.005928        0
         0.999000         1.005953        0
         1.000000         1.005976        0
         1.001000         1.005998        0
