         0.001000         1.002501        0
         0.002000         1.002598        0
         0.003000         1.002697        0
         0.004000         1.002797        0
         0.005000         1.002898        0
         0.006000         1.003001        0
         0.007000         1.003104        0
         0.008000         1.003208        0
         0.009000         1.003313        0
         0.010000         1.003419        0
         0.011000         1.003525        0
         0.012000         1.003632        0
         0.013000         1.003739        0
         0.014000         1.003847        0
         0.015000         1.003955        0
         0.016000         1.004063        0
         0.017000         1.004172        0
         0.018000         1.004280        0
         0.019000         1.004389        0
         0.020000         1.004498        0
         0.021000         1.004607        0
         0.022000         1.004716        0
         0.023000         1.004825        0
         0.024000         1.004934        0
         0.025000         1.005042        0
         0.026000         1.005150        0
         0.027000         1.005258        0
         0.028000         1.005365        0
         0.029000         1.005472        0
         0.030000         1.005579        0
         0.031000         1.005684        0
         0.032000         1.005790        0
         0.033000         1.005894        0
         0.034000         1.005998        0
         0.035000         1.006101        0
         0.036000         1.006203        0
         0.037000         1.006304        0
         0.038000         1.006404        0
         0.039000         1.006504        0
         0.040000         1.006602        0
         0.041000         1.006699        0
         0.042000         1.006795        0
         0.043000         1.006889        0
         0.044000         1.006980        0
         0.045000         1.007068        0
         0.046000         1.007152        0
         0.047000         1.007231        0
         0.048000         1.007306        0
         0.049000         1.007376        0
         0.050000         1.007441        0
         0.051000         1.007500        0
         0.052000         1.007553        0
         0.053000         1.007600        0
         0.054000         1.007640        0
         0.055000         1.007673        0
         0.056000         1.007699        0
         0.057000         1.007717        0
         0.058000         1.007727        0
         0.059000         1.007729        0
         0.060000         1.007722        0
         0.061000         1.007707        0
         0.062000         1.007683        0
         0.063000         1.007650        0
         0.064000         1.007607        0
         0.065000         1.007555        0
         0.066000         1.007492        0
         0.067000         1.007420        0
         0.068000         1.007338        0
         0.069000         1.007246        0
         0.070000         1.007143        0
         0.071000         1.007029        0
         0.072000         1.006905        0
         0.073000         1.006770        0
         0.074000         1.006625        0
         0.075000         1.006468        0
         0.076000         1.006301        0
         0.077000         1.006123        0
         0.078000         1.005934        0
         0.079000         1.005734        0
         0.080000         1.005523        0
         0.081000         1.005302        0
         0.082000         1.005070        0
         0.083000         1.004827        0
         0.084000         1.004575        0
         0.085000         1.004312        0
         0.086000         1.004039        0
         0.087000         1.003757        0
         0.088000         1.003466        0
         0.089000         1.003166        0
         0.090000         1.002858        0
         0.091000         1.002542        0
         0.092000         1.002220        0
         0.093000         1.001891        0
         0.094000         1.001556        0
         0.095000         1.001215        0
         0.096000         1.000867        0
         0.097000         1.000513        0
         0.098000         1.000154        0
         0.099000         0.999790        0
         0.100000         0.999420        0
         0.101000         0.999045        0
         0.102000         0.998666        0
         0.103000         0.998282        0
         0.104000         0.997894        0
         0.105000         0.997502        0
         0.106000         0.997106        0
         0.107000         0.996706        0
         0.108000         0.996303        0
         0.109000         0.995897        0
         0.110000         0.995488        0
         0.111000         0.995076        0
         0.112000         0.994662        0
         0.113000         0.994245        0
         0.114000         0.993827        0
         0.115000         0.993407        0
         0.116000         0.992985        0
         0.117000         0.992562        0
         0.118000         0.992137        0
         0.119000         0.991712        0
         0.120000         0.991286        0
         0.121000         0.990860        0
         0.122000         0.990433        0
         0.123000         0.990006        0
         0.124000         0.989580        0
         0.125000         0.989153        0
         0.126000         0.988728        0
         0.127000         0.988303        0
         0.128000         0.987879        0
         0.129000         0.987456        0
         0.130000         0.987034        0
         0.131000         0.986615        0
         0.132000         0.986196        0
         0.133000         0.985780        0
         0.134000         0.985366        0
         0.135000         0.984955        0
         0.136000         0.984546        0
         0.137000         0.984139        0
         0.138000         0.983736        0
         0.139000         0.983335        0
         0.140000         0.982938        0
         0.141000         0.982544        0
         0.142000         0.982154        0
         0.143000         0.981768        0
         0.144000         0.981385        0
         0.145000         0.981007        0
         0.146000         0.980633        0
         0.147000         0.980264        0
         0.148000         0.979899        0
         0.149000         0.979538        0
         0.150000         0.979183        0
         0.151000         0.978833        0
         0.152000         0.978488        0
         0.153000         0.978148        0
         0.154000         0.977814        0
         0.155000         0.977486        0
         0.156000         0.977163        0
         0.157000         0.976846        0
         0.158000         0.976536        0
         0.159000         0.976231        0
         0.160000         0.975933        0
         0.161000         0.975642        0
         0.162000         0.975357        0
         0.163000         0.975078        0
         0.164000         0.974807        0
         0.165000         0.974543        0
         0.166000         0.974285        0
         0.167000         0.974035        0
         0.168000         0.973792        0
         0.169000         0.973557        0
         0.170000         0.973329        0
         0.171000         0.973109        0
         0.172000         0.972897        0
         0.173000         0.972692        0
         0.174000         0.972496        0
         0.175000         0.972307        0
         0.176000         0.972127        0
         0.177000         0.971954        0
         0.178000         0.971791        0
         0.179000         0.971635        0
         0.180000         0.971488        0
         0.181000         0.971350        0
         0.182000         0.971220        0
         0.183000         0.971100        0
         0.184000         0.970989        0
         0.185000         0.970886        0
         0.186000         0.970794        0
         0.187000         0.970710        0
         0.188000         0.970636        0
         0.189000         0.970571        0
         0.190000         0.970515        0
         0.191000         0.970469        0
         0.192000         0.970433        0
         0.193000         0.970406        0
         0.194000         0.970388        0
         0.195000         0.970381        0
         0.196000         0.970382        0
         0.197000         0.970394        0
         0.198000         0.970414        0
         0.199000         0.970445        0
         0.200000         0.970484        0
         0.201000         0.970534        0
         0.202000         0.970592        0
         0.203000         0.970660        0
         0.204000         0.970738        0
         0.205000         0.970824        0
         0.206000         0.970920        0
         0.207000         0.971025        0
         0.208000         0.971139        0
         0.209000         0.971262        0
         0.210000         0.971394        0
         0.211000         0.971535        0
         0.212000         0.971684        0
         0.213000         0.971843        0
         0.214000         0.972009        0
         0.215000         0.972185        0
         0.216000         0.972368        0
         0.217000         0.972560        0
         0.218000         0.972760        0
         0.219000         0.972967        0
         0.220000         0.973183        0
         0.221000         0.973406        0
         0.222000         0.973637        0
         0.223000         0.973875        0
         0.224000         0.974121        0
         0.225000         0.974373        0
         0.226000         0.974633        0
         0.227000         0.974899        0
         0.228000         0.975172        0
         0.229000         0.975451        0
         0.230000         0.975737        0
         0.231000         0.976028        0
         0.232000         0.976326        0
         0.233000         0.976629        0
         0.234000         0.976937        0
         0.235000         0.977251        0
         0.236000         0.977570        0
         0.237000         0.977894        0
         0.238000         0.978222        0
         0.239000         0.978555        0
         0.240000         0.978892        0
         0.241000         0.979232        0
         0.242000         0.979577        0
         0.243000         0.979925        0
         0.244000         0.980277        0
         0.245000         0.980631        0
         0.246000         0.980988        0
         0.247000         0.981348        0
         0.248000         0.981709        0
         0.249000         0.982073        0
         0.250000         0.982438        0
         0.251000         0.982805        0
         0.252000         0.983173        0
         0.253000         0.983543        0
         0.254000         0.983913        0
         0.255000         0.984285        0
         0.256000         0.984656        0
         0.257000         0.985029        0
         0.258000         0.985401        0
         0.259000         0.985774        0
         0.260000         0.986146        0
         0.261000         0.986518        0
         0.262000         0.986889        0
         0.263000         0.987259        0
         0.264000         0.987628        0
         0.265000         0.987996        0
         0.266000         0.988363        0
         0.267000         0.988728        0
         0.268000         0.989091        0
         0.269000         0.989451        0
         0.270000         0.989810        0
         0.271000         0.990165        0
         0.272000         0.990518        0
         0.273000         0.990868        0
         0.274000         0.991215        0
         0.275000         0.991558        0
         0.276000         0.991898        0
         0.277000         0.992234        0
         0.278000         0.992565        0
         0.279000         0.992893        0
         0.280000         0.993215        0
         0.281000         0.993533        0
         0.282000         0.993846        0
         0.283000         0.994153        0
         0.284000         0.994453        0
         0.285000         0.994747        0
         0.286000         0.995032        0
         0.287000         0.995311        0
         0.288000         0.995581        0
         0.289000         0.995843        0
         0.290000         0.996096        0
         0.291000         0.996342        0
         0.292000         0.996578        0
         0.293000         0.996807        0
         0.294000         0.997026        0
         0.295000         0.997237        0
         0.296000         0.997439        0
         0.297000         0.997632        0
         0.298000         0.997816        0
         0.299000         0.997992        0
         0.300000         0.998159        0
         0.301000         0.998318        0
         0.302000         0.998468        0
         0.303000         0.998610        0
         0.304000         0.998743        0
         0.305000         0.998869        0
         0.306000         0.998986        0
         0.307000         0.999096        0
         0.308000         0.999198        0
         0.309000         0.999292        0
         0.310000         0.999380        0
         0.311000         0.999460        0
         0.312000         0.999533        0
         0.313000         0.999600        0
         0.314000         0.999661        0
         0.315000         0.999715        0
         0.316000         0.999764        0
         0.317000         0.999807        0
         0.318000         0.999845        0
         0.319000         0.999878        0
         0.320000         0.999906        0
         0.321000         0.999929        0
         0.322000         0.999949        0
         0.323000         0.999965        0
         0.324000         0.999977        0
         0.325000         0.999986        0
         0.326000         0.999993        0
         0.327000         0.999997        0
         0.328000         0.999999        0
         0.329000         1.000000        0
         0.330000         1.000000        0
         0.331000         1.000000        0
         0.332000         1.000000        0
         0.333000         1.000000        0
         0.334000         1.000000        0
         0.335000         1.000000        0
         0.336000         1.000000        0
         0.337000         1.000000        0
         0.338000         1.000000        0
         0.339000         1.000000        0
         0.340000         1.000000        0
         0.341000         1.000000        0
         0.342000         1.000000        0
         0.343000         1.000000        0
         0.344000         1.000000        0
         0.345000         1.000000        0
         0.346000         1.000000        0
         0.347000         1.000000        0
         0.348000         1.000000        0
         0.349000         1.000000        0
         0.350000         1.000000        0
         0.351000         1.000000        0
         0.352000         1.000000        0
         0.353000         1.000000        0
         0.354000         1.000000        0
         0.355000         1.000000        0
         0.356000         1.000000        0
         0.357000         1.000000        0
         0.358000         1.000000        0
         0.359000         1.000000        0
         0.360000         1.000000        0
         0.361000         1.000000        0
         0.362000         1.000000        0
         0.363000         1.000000        0
         0.364000         1.000000        0
         0.365000         1.000000        0
         0.366000         1.000000        0
         0.367000         1.000000        0
         0.368000         1.000000        0
         0.369000         1.000000        0
         0.370000         1.000000        0
         0.371000         1.000000        0
         0.372000         1.000000        0
         0.373000         1.000000        0
         0.374000         1.000000        0
         0.375000         1.000000        0
         0.376000         1.000000        0
         0.377000         1.000000        0
         0.378000         1.000000        0
         0.379000         1.000000        0
         0.380000         1.000000        0
         0.381000         1.000000        0
         0.382000         1.000000        0
         0.383000         1.000000        0
         0.384000         1.000000        0
         0.385000         1.000000        0
         0.386000         1.000000        0
         0.387000         1.000000        0
         0.388000         1.000000        0
         0.389000         1.000000        0
         0.390000         1.000000        0
         0.391000         1.000000        0
         0.392000         1.000000        0
         0.393000         1.000000        0
         0.394000         1.000000        0
         0.395000         1.000000        0
         0.396000         1.000000        0
         0.397000         1.000000        0
         0.398000         1.000000        0
         0.399000         1.000000        0
         0.400000         1.000000        0
         0.401000         1.000000        0
         0.402000         1.000000        0
         0.403000         1.000000        0
         0.404000         1.000000        0
         0.405000         1.000000        0
         0.406000         1.000000        0
         0.407000         1.000000        0
         0.408000         1.000000        0
         0.409000         1.000000        0
         0.410000         1.000000        0
         0.411000         1.000000        0
         0.412000         1.000000        0
         0.413000         1.000000        0
         0.414000         1.000000        0
         0.415000         1.000000        0
         0.416000         1.000000        0
         0.417000         1.000000        0
         0.418000         1.000000        0
         0.419000         1.000000        0
         0.420000         1.000000        0
         0.421000         1.000000        0
         0.422000         1.000000        0
         0.423000         1.000000        0
         0.424000         1.000000        0
         0.425000         1.000000        0
         0.426000         1.000000        0
         0.427000         1.000000        0
         0.428000         1.000000        0
         0.429000         1.000000        0
         0.430000         1.000000        0
         0.431000         1.000000        0
         0.432000         1.000000        0
         0.433000         1.000000        0
         0.434000         1.000000        0
         0.435000         1.000000        0
         0.436000         1.000000        0
         0.437000         1.000000        0
         0.438000         1.000000        0
         0.439000         1.000000        0
         0.440000         1.000000        0
         0.441000         1.000000        0
         0.442000         1.000001        0
         0.443000         1.000002        0
         0.444000         1.000004        0
         0.445000         1.000006        0
         0.446000         1.000009        0
         0.447000         1.000012        0
         0.448000         1.000016        0
         0.449000         1.000021        0
         0.450000         1.000027        0
         0.451000         1.000034        0
         0.452000         1.000042        0
         0.453000         1.000051        0
         0.454000         1.000061        0
         0.455000         1.000072        0
         0.456000         1.000085        0
         0.457000         1.000099        0
         0.458000         1.000114        0
         0.459000         1.000130        0
         0.460000         1.000148        0
         0.461000         1.000168        0
         0.462000         1.000189        0
         0.463000         1.000212        0
         0.464000         1.000236        0
         0.465000         1.000262        0
         0.466000         1.000290        0
         0.467000         1.000319        0
         0.468000         1.000350        0
         0.469000         1.000383        0
         0.470000         1.000418        0
         0.471000         1.000455        0
         0.472000         1.000494        0
         0.473000         1.000535        0
         0.474000         1.000577        0
         0.475000         1.000622        0
         0.476000         1.000669        0
         0.477000         1.000718        0
         0.478000         1.000769        0
         0.479000         1.000821        0
         0.480000         1.000876        0
         0.481000         1.000934        0
         0.482000         1.000993        0
         0.483000         1.001054        0
         0.484000         1.001117        0
         0.485000         1.001183        0
         0.486000         1.001250        0
         0.487000         1.001320        0
         0.488000         1.001392        0
         0.489000         1.001466        0
         0.490000         1.001541        0
         0.491000         1.001619        0
         0.492000         1.001699        0
         0.493000         1.001781        0
         0.494000         1.001864        0
         0.495000         1.001950        0
         0.496000         1.002037        0
         0.497000         1.002127        0
         0.498000         1.002218        0
         0.499000         1.002310        0
         0.500000         1.002405        0
         0.501000         1.002501        0
         0.502000         1.002598        0
         0.503000         1.002697        0
         0.504000         1.002797        0
         0.505000         1.002898        0
         0.506000         1.003001        0
         0.507000         1.003104        0
         0.508000         1.003208        0
         0.509000         1.003313        0
         0.510000         1.003419        0
         0.511000         1.003525        0
         0.512000         1.003632        0
         0.513000         1.003739        0
         0.514000         1.003847        0
         0.515000         1.003955        0
         0.516000         1.004063        0
         0.517000         1.004172        0
         0.518000         1.004280        0
         0.519000         1.004389        0
         0.520000         1.004498        0
         0.521000         1.004607        0
         0.522000         1.004716        0
         0.523000         1.004825        0
         0.524000         1.004934        0
         0.525000         1.005042        0
         0.526000         1.005150        0
         0.527000         1.005258        0
         0.528000         1.005365        0
         0.529000         1.005472        0
         0.530000         1.005579        0
         0.531000         1.005684        0
         0.532000         1.005790        0
         0.533000         1.005894        0
         0.534000         1.005998        0
         0.535000         1.006101        0
         0.536000         1.006203        0
         0.537000         1.006304        0
         0.538000         1.006404        0
         0.539000         1.006504        0
         0.540000         1.006602        0
         0.541000         1.006699        0
         0.542000         1.006795        0
         0.543000         1.006889        0
         0.544000         1.006980        0
         0.545000         1.007068        0
         0.546000         1.007152        0
         0.547000         1.007231        0
         0.548000         1.007306        0
         0.549000         1.007376        0
         0.550000         1.007441        0
         0.551000         1.007500        0
         0.552000         1.007553        0
         0.553000         1.007600        0
         0.554000         1.007640        0
         0.555000         1.007673        0
         0.556000         1.007699        0
         0.557000         1.007717        0
         0.558000         1.007727        0
         0.559000         1.007729        0
         0.560000         1.007722        0
         0.561000         1.007707        0
         0.562000         1.007683        0
         0.563000         1.007650        0
         0.564000         1.007607        0
         0.565000         1.007555        0
         0.566000         1.007492        0
         0.567000         1.007420        0
         0.568000         1.007338        0
         0.569000         1.007246        0
         0.570000         1.007143        0
         0.571000         1.007029        0
         0.572000         1.006905        0
         0.573000         1.006770        0
         0.574000         1.006625        0
         0.575000         1.006468        0
         0.576000         1.006301        0
         0.577000         1.006123        0
         0.578000         1.005934        0
         0.579000         1.005734        0
         0.580000         1.005523        0
         0.581000         1.005302        0
         0.582000         1.005070        0
         0.583000         1.004827        0
         0.584000         1.004575        0
         0.585000         1.004312        0
         0.586000         1.004039        0
         0.587000         1.003757        0
         0.588000         1.003466        0
         0.589000         1.003166        0
         0.590000         1.002858        0
         0.591000         1.002542        0
         0.592000         1.002220        0
         0.593000         1.001891        0
         0.594000         1.001556        0
         0.595000         1.001215        0
         0.596000         1.000867        0
         0.597000         1.000513        0
         0.598000         1.000154        0
         0.599000         0.999790        0
         0.600000         0.999420        0
         0.601000         0.999045        0
         0.602000         0.998666        0
         0.603000         0.998282        0
         0.604000         0.997894        0
         0.605000         0.997502        0
         0.606000         0.997106        0
         0.607000         0.996706        0
         0.608000         0.996303        0
         0.609000         0.995897        0
         0.610000         0.995488        0
         0.611000         0.995076        0
         0.612000         0.994662        0
         0.613000         0.994245        0
         0.614000         0.993827        0
         0.615000         0.993407        0
         0.616000         0.992985        0
         0.617000         0.992562        0
         0.618000         0.992137        0
         0.619000         0.991712        0
         0.620000         0.991286        0
         0.621000         0.990860        0
         0.622000         0.990433        0
         0.623000         0.990006        0
         0.624000         0.989580        0
         0.625000         0.989153        0
         0.626000         0.988728        0
         0.627000         0.988303        0
         0.628000         0.987879        0
         0.629000         0.987456        0
         0.630000         0.987034        0
         0.631000         0.986615        0
         0.632000         0.986196        0
         0.633000         0.985780        0
         0.634000         0.985366        0
         0.635000         0.984955        0
         0.636000         0.984546        0
         0.637000         0.984139        0
         0.638000         0.983736        0
         0.639000         0.983335        0
         0.640000         0.982938        0
         0.641000         0.982544        0
         0.642000         0.982154        0
         0.643000         0.981768        0
         0.644000         0.981385        0
         0.645000         0.981007        0
         0.646000         0.980633        0
         0.647000         0.980264        0
         0.648000         0.979899        0
         0.649000         0.979538        0
         0.650000         0.979183        0
         0.651000         0.978833        0
         0.652000         0.978488        0
         0.653000         0.978148        0
         0.654000         0.977814        0
         0.655000         0.977486        0
         0.656000         0.977163        0
         0.657000         0.976846        0
         0.658000         0.976536        0
         0.659000         0.976231        0
         0.660000         0.975933        0
         0.661000         0.975642        0
         0.662000         0.975357        0
         0.663000         0.975078        0
         0.664000         0.974807        0
         0.665000         0.974543        0
         0.666000         0.974285        0
         0.667000         0.974035        0
         0.668000         0.973792        0
         0.669000         0.973557        0
         0.670000         0.973329        0
         0.671000         0.973109        0
         0.672000         0.972897        0
         0.673000         0.972692        0
         0.674000         0.972496        0
         0.675000         0.972307        0
         0.676000         0.972127        0
         0.677000         0.971954        0
         0.678000         0.971791        0
         0.679000         0.971635        0
         0.680000         0.971488        0
         0.681000         0.971350        0
         0.682000         0.971220        0
         0.683000         0.971100        0
         0.684000         0.970989        0
         0.685000         0.970886        0
         0.686000         0.970794        0
         0.687000         0.970710        0
         0.688000         0.970636        0
         0.689000         0.970571        0
         0.690000         0.970515        0
         0.691000         0.970469        0
         0.692000         0.970433        0
         0.693000         0.970406        0
         0.694000         0.970388        0
         0.695000         0.970381        0
         0.696000         0.970382        0
         0.697000         0.970394        0
         0.698000         0.970414        0
         0.699000         0.970445        0
         0.700000         0.970484        0
         0.701000         0.970534        0
         0.702000         0.970592        0
         0.703000         0.970660        0
         0.704000         0.970738        0
         0.705000         0.970824        0
         0.706000         0.970920        0
         0.707000         0.971025        0
         0.708000         0.971139        0
         0.709000         0.971262        0
         0.710000         0.971394        0
         0.711000         0.971535        0
         0.712000         0.971684        0
         0.713000         0.971843        0
         0.714000         0.972009        0
         0.715000         0.972185        0
         0.716000         0.972368        0
         0.717000         0.972560        0
         0.718000         0.972760        0
         0.719000         0.972967        0
         0.720000         0.973183        0
         0.721000         0.973406        0
         0.722000         0.973637        0
         0.723000         0.973875        0
         0.724000         0.974121        0
         0.725000         0.974373        0
         0.726000         0.974633        0
         0.727000         0.974899        0
         0.728000         0.975172        0
         0.729000         0.975451        0
         0.730000         0.975737        0
         0.731000         0.976028        0
         0.732000         0.976326        0
         0.733000         0.976629        0
         0.734000         0.976937        0
         0.735000         0.977251        0
         0.736000         0.977570        0
         0.737000         0.977894        0
         0.738000         0.978222        0
         0.739000         0.978555        0
         0.740000         0.978892        0
         0.741000         0.979232        0
         0.742000         0.979577        0
         0.743000         0.979925        0
         0.744000         0.980277        0
         0.745000         0.980631        0
         0.746000         0.980988        0
         0.747000         0.981348        0
         0.748000         0.981709        0
         0.749000         0.982073        0
         0.750000         0.982438        0
         0.751000         0.982805        0
         0.752000         0.983173        0
         0.753000         0.983543        0
         0.754000         0.983913        0
         0.755000         0.984285        0
         0.756000         0.984656        0
         0.757000         0.985029        0
         0.758000         0.985401        0
         0.759000         0.985774        0
         0.760000         0.986146        0
         0.761000         0.986518        0
         0.762000         0.986889        0
         0.763000         0.987259        0
         0.764000         0.987628        0
         0.765000         0.987996        0
         0.766000         0.988363        0
         0.767000         0.988728        0
         0.768000         0.989091        0
         0.769000         0.989451        0
         0.770000         0.989810        0
         0.771000         0.990165        0
         0.772000         0.990518        0
         0.773000         0.990868        0
         0.774000         0.991215        0
         0.775000         0.991558        0
         0.776000         0.991898        0
         0.777000         0.992234        0
         0.778000         0.992565        0
         0.779000         0.992893        0
         0.780000         0.993215        0
         0.781000         0.993533        0
         0.782000         0.993846        0
         0.783000         0.994153        0
         0.784000         0.994453        0
         0.785000         0.994747        0
         0.786000         0.995032        0
         0.787000         0.995311        0
         0.788000         0.995581        0
         0.789000         0.995843        0
         0.790000         0.996096        0
         0.791000         0.996342        0
         0.792000         0.996578        0
         0.793000         0.996807        0
         0.794000         0.997026        0
         0.795000         0.997237        0
         0.796000         0.997439        0
         0.797000         0.997632        0
         0.798000         0.997816        0
         0.799000         0.997992        0
         0.800000         0.998159        0
         0.801000         0.998318        0
         0.802000         0.998468        0
         0.803000         0.998610        0
         0.804000         0.998743        0
         0.805000         0.998869        0
         0.806000         0.998986        0
         0.807000         0.999096        0
         0.808000         0.999198        0
         0.809000         0.999292        0
         0.810000         0.999380        0
         0.811000         0.999460        0
         0.812000         0.999533        0
         0.813000         0.999600        0
         0.814000         0.999661        0
         0.815000         0.999715        0
         0.816000         0.999764        0
         0.817000         0.999807        0
         0.818000         0.999845        0
         0.819000         0.999878        0
         0.820000         0.999906        0
         0.821000         0.999929        0
         0.822000         0.999949        0
         0.823000         0.999965        0
         0.824000         0.999977        0
         0.825000         0.999986        0
         0.826000         0.999993        0
         0.827000         0.999997        0
         0.828000         0.999999        0
         0.829000         1.000000        0
         0.830000         1.000000        0
         0.831000         1.000000        0
         0.832000         1.000000        0
         0.833000         1.000000        0
         0.834000         1.000000        0
         0.835000         1.000000        0
         0.836000         1.000000        0
         0.837000         1.000000        0
         0.838000         1.000000        0
         0.839000         1.000000        0
         0.840000         1.000000        0
         0.841000         1.000000        0
         0.842000         1.000000        0
         0.843000         1.000000        0
         0.844000         1.000000        0
         0.845000         1.000000        0
         0.846000         1.000000        0
         0.847000         1.000000        0
         0.848000         1.000000        0
         0.849000         1.000000        0
         0.850000         1.000000        0
         0.851000         1.000000        0
         0.852000         1.000000        0
         0.853000         1.000000        0
         0.854000         1.000000        0
         0.855000         1.000000        0
         0.856000         1.000000        0
         0.857000         1.000000        0
         0.858000         1.000000        0
         0.859000         1.000000        0
         0.860000         1.000000        0
         0.861000         1.000000        0
         0.862000         1.000000        0
         0.863000         1.000000        0
         0.864000         1.000000        0
         0.865000         1.000000        0
         0.866000         1.000000        0
         0.867000         1.000000        0
         0.868000         1.000000        0
         0.869000         1.000000        0
         0.870000         1.000000        0
         0.871000         1.000000        0
         0.872000         1.000000        0
         0.873000         1.000000        0
         0.874000         1.000000        0
         0.875000         1.000000        0
         0.876000         1.000000        0
         0.877000         1.000000        0
         0.878000         1.000000        0
         0.879000         1.000000        0
         0.880000         1.000000        0
         0.881000         1.000000        0
         0.882000         1.000000        0
         0.883000         1.000000        0
         0.884000         1.000000        0
         0.885000         1.000000        0
         0.886000         1.000000        0
         0.887000         1.000000        0
         0.888000         1.000000        0
         0.889000         1.000000        0
         0.890000         1.000000        0
         0.891000         1.000000        0
         0.892000         1.000000        0
         0.893000         1.000000        0
         0.894000         1.000000        0
         0.895000         1.000000        0
         0.896000         1.000000        0
         0.897000         1.000000        0
         0.898000         1.000000        0
         0.899000         1.000000        0
         0.900000         1.000000        0
         0.901000         1.000000        0
         0.902000         1.000000        0
         0.903000         1.000000        0
         0.904000         1.000000        0
         0.905000         1.000000        0
         0.906000         1.000000        0
         0.907000         1.000000        0
         0.908000         1.000000        0
         0.909000         1.000000        0
         0.910000         1.000000        0
         0.911000         1.000000        0
         0.912000         1.000000        0
         0.913000         1.000000        0
         0.914000         1.000000        0
         0.915000         1.000000        0
         0.916000         1.000000        0
         0.917000         1.000000        0
         0.918000         1.000000        0
         0.919000         1.000000        0
         0.920000         1.000000        0
         0.921000         1.000000        0
         0.922000         1.000000        0
         0.923000         1.000000        0
         0.924000         1.000000        0
         0.925000         1.000000        0
         0.926000         1.000000        0
         0.927000         1.000000        0
         0.928000         1.000000        0
         0.929000         1.000000        0
         0.930000         1.000000        0
         0.931000         1.000000        0
         0.932000         1.000000        0
         0.933000         1.000000        0
         0.934000         1.000000        0
         0.935000         1.000000        0
         0.936000         1.000000        0
         0.937000         1.000000        0
         0.938000         1.000000        0
         0.939000         1.000000        0
         0.940000         1.000000        0
         0.941000         1.000000        0
         0.942000         1.000001        0
         0.943000         1.000002        0
         0.944000         1.000004        0
         0.945000         1.000006        0
         0.946000         1.000009        0
         0.947000         1.000012        0
         0.948000         1.000016        0
         0.949000         1.000021        0
         0.950000         1.000027        0
         0.951000         1.000034        0
         0.952000         1.000042        0
         0.953000         1.000051        0
         0.954000         1.000061        0
         0.955000         1.000072        0
         0.956000         1.000085        0
         0.957000         1.000099        0
         0.958000         1.000114        0
         0.959000         1.000130        0
         0.960000         1.000148        0
         0.961000         1.000168        0
         0.962000         1.000189        0
         0.963000         1.000212        0
         0.964000         1.000236        0
         0.965000         1.000262        0
         0.966000         1.000290        0
         0.967000         1.000319        0
         0.968000         1.000350        0
         0.969000         1.000383        0
         0.970000         1.000418        0
         0.971000         1.000455        0
         0.972000         1.000494        0
         0.973000         1.000535        0
         0.974000         1.000577        0
         0.975000         1.000622        0
         0.976000         1.000669        0
         0.977000         1.000718        0
         0.978000         1.000769        0
         0.979000         1.000821        0
         0.980000         1.000876        0
         0.981000         1.000934        0
         0.982000         1.000993        0
         0.983000         1.001054        0
         0.984000         1.001117        0
         0.985000         1.001183        0
         0.986000         1.001250        0
         0.987000         1.001320        0
         0.988000         1.001392        0
         0.989000         1.001466        0
         0.990000         1.001541        0
         0.991000         1.001619        0
         0.992000         1.001699        0
         0.993000         1.001781        0
         0.994000         1.001864        0
         0.995000         1.001950        0
         0.996000         1.002037        0
         0.997000         1.002127        0
         0.998000         1.002218        0
         0.999000         1.002310        0
         1.000000         1.002405        0
         1.001000         1.002501        0
